# weight fractions/chain concentrations : HOH   TMA   OH   Chain  H3O
# 0:stable, 1:macophase instability, 2:mesophase instability
0.95267952  0.01935918  0.02796119  0.00000010  0.00000000  0
0.95252071  0.01934941  0.02762807  0.00050179  0.00000000  0
0.95236194  0.01933964  0.02729501  0.00100339  0.00000000  0
0.95220314  0.01932987  0.02696189  0.00150508  0.00000000  0
0.95204434  0.01932010  0.02662877  0.00200677  0.00000000  0
0.95188554  0.01931033  0.02629565  0.00250846  0.00000000  0
0.95172677  0.01930056  0.02596260  0.00301004  0.00000000  0
0.95156797  0.01929079  0.02562949  0.00351172  0.00000000  0
0.95140918  0.01928102  0.02529638  0.00401340  0.00000000  0
0.95125041  0.01927125  0.02496334  0.00451497  0.00000000  0
0.95109161  0.01926148  0.02463024  0.00501664  0.00000000  0
0.95093282  0.01925171  0.02429713  0.00551831  0.00000000  0
0.95077403  0.01924195  0.02396403  0.00601998  0.00000000  0
0.95061527  0.01923218  0.02363100  0.00652154  0.00000000  0
0.95045648  0.01922241  0.02329790  0.00702320  0.00000000  0
0.95029768  0.01921264  0.02296480  0.00752486  0.00000000  0
0.95013890  0.01920287  0.02263171  0.00802651  0.00000000  0
0.94998014  0.01919310  0.02229868  0.00852806  0.00000000  0
0.94982135  0.01918333  0.02196559  0.00902971  0.00000000  0
0.94966257  0.01917356  0.02163250  0.00953135  0.00000000  0
0.94950381  0.01916379  0.02129948  0.01003289  0.00000000  0
0.94934503  0.01915402  0.02096640  0.01053453  0.00000000  0
0.94918624  0.01914425  0.02063332  0.01103617  0.00000000  0
0.94902746  0.01913448  0.02030024  0.01153780  0.00000000  0
0.94886871  0.01912472  0.01996723  0.01203933  0.00000000  0
0.94870993  0.01911495  0.01963415  0.01254095  0.00000000  0
0.94855115  0.01910518  0.01930107  0.01304258  0.00000000  0
0.94839240  0.01909541  0.01896807  0.01354410  0.00000000  0
0.94823363  0.01908564  0.01863500  0.01404571  0.00000000  0
0.94807485  0.01907587  0.01830193  0.01454733  0.00000000  0
0.94791607  0.01906611  0.01796887  0.01504894  0.00000000  0
0.94775733  0.01905634  0.01763587  0.01555045  0.00000000  0
0.94759856  0.01904657  0.01730280  0.01605205  0.00000000  0
0.94743978  0.01903680  0.01696975  0.01655365  0.00000000  0
0.94728104  0.01902703  0.01663675  0.01705515  0.00000000  0
0.94712227  0.01901726  0.01630369  0.01755675  0.00000000  0
0.94696350  0.01900750  0.01597064  0.01805834  0.00000000  0
0.94680473  0.01899773  0.01563759  0.01855993  0.00000000  0
0.94664599  0.01898796  0.01530461  0.01906142  0.00000000  0
0.94648723  0.01897819  0.01497156  0.01956300  0.00000000  0
0.94632846  0.01896842  0.01463851  0.02006458  0.00000000  0
0.94616972  0.01895866  0.01430553  0.02056606  0.00000000  0
0.94601096  0.01894889  0.01397249  0.02106764  0.00000000  0
0.94585220  0.01893912  0.01363945  0.02156921  0.00000000  0
0.94569343  0.01892935  0.01330642  0.02207078  0.00000000  0
0.94553470  0.01891959  0.01297344  0.02257224  0.00000000  0
0.94537595  0.01890982  0.01264041  0.02307381  0.00000000  0
0.94521718  0.01890005  0.01230738  0.02357537  0.00000000  0
0.94505843  0.01889028  0.01197435  0.02407692  0.00000000  0
0.94489970  0.01888052  0.01164138  0.02457838  0.00000000  0
0.94474094  0.01887075  0.01130836  0.02507993  0.00000000  0
0.94458219  0.01886098  0.01097534  0.02558148  0.00000000  0
0.94442347  0.01885122  0.01064238  0.02608292  0.00000000  0
0.94426471  0.01884145  0.01030936  0.02658446  0.00000000  0
0.94410596  0.01883168  0.00997634  0.02708600  0.00000000  0
0.94394721  0.01882191  0.00964332  0.02758754  0.00000000  0
0.94378848  0.01881215  0.00931038  0.02808897  0.00000000  0
0.94362973  0.01880238  0.00897736  0.02859050  0.00000000  0
0.94347099  0.01879261  0.00864435  0.02909203  0.00000000  0
0.94331227  0.01878285  0.00831141  0.02959345  0.00000000  0
0.94315352  0.01877308  0.00797841  0.03009497  0.00000000  0
0.94299478  0.01876331  0.00764540  0.03059649  0.00000000  0
0.94283603  0.01875355  0.00731240  0.03109800  0.00000000  0
0.94267732  0.01874378  0.00697947  0.03159942  0.00000000  0
0.94251857  0.01873402  0.00664647  0.03210092  0.00000000  0
0.94235983  0.01872425  0.00631347  0.03260243  0.00000000  0
0.94220112  0.01871448  0.00598054  0.03310383  0.00000000  0
0.94204238  0.01870472  0.00564755  0.03360533  0.00000000  0
0.94188364  0.01869495  0.00531456  0.03410683  0.00000000  0
0.94172490  0.01868518  0.00498157  0.03460832  0.00000000  0
0.94156619  0.01867542  0.00464866  0.03510971  0.00000000  0
0.94140746  0.01866565  0.00431567  0.03561120  0.00000000  0
0.94124872  0.01865589  0.00398269  0.03611268  0.00000000  0
0.94109001  0.01864612  0.00364977  0.03661407  0.00000000  0
0.94093128  0.01863636  0.00331680  0.03711555  0.00000000  0
0.94077255  0.01862659  0.00298382  0.03761702  0.00000000  0
0.94061382  0.01861682  0.00265085  0.03811849  0.00000000  0
0.94045512  0.01860706  0.00231794  0.03861986  0.00000000  0
0.94029639  0.01859729  0.00198497  0.03912133  0.00000000  0
0.94013766  0.01858753  0.00165200  0.03962279  0.00000000  0
0.93997893  0.01857776  0.00131904  0.04012425  0.00000000  0
0.93982024  0.01856800  0.00098614  0.04062561  0.00000000  0
0.93966151  0.01855823  0.00065318  0.04112707  0.00000000  0
0.93950278  0.01854846  0.00032022  0.04162852  0.00000000  0
0.93933130  0.01853870  0.00000000  0.04212999  0.00000000  0
0.93883646  0.01852894  0.00000000  0.04263456  0.00000002  0
0.93834162  0.01851917  0.00000000  0.04313914  0.00000005  0
0.93784679  0.01850940  0.00000000  0.04364371  0.00000008  0
0.93735205  0.01849964  0.00000000  0.04414818  0.00000010  0
0.93685723  0.01848987  0.00000000  0.04465275  0.00000013  0
0.93636240  0.01848011  0.00000000  0.04515731  0.00000015  0
0.93586767  0.01847035  0.00000000  0.04566178  0.00000018  0
0.93537286  0.01846058  0.00000000  0.04616633  0.00000021  0
0.93487804  0.01845082  0.00000000  0.04667089  0.00000023  0
0.93438323  0.01844105  0.00000000  0.04717544  0.00000026  0
0.93388852  0.01843129  0.00000000  0.04767989  0.00000029  0
0.93339371  0.01842152  0.00000000  0.04818444  0.00000031  0
0.93289891  0.01841176  0.00000000  0.04868898  0.00000034  0
0.93240420  0.01840199  0.00000000  0.04919342  0.00000036  0
0.93190940  0.01839223  0.00000000  0.04969796  0.00000039  0
0.93141461  0.01838246  0.00000000  0.05020249  0.00000042  0
0.93091982  0.01837270  0.00000000  0.05070702  0.00000044  0
0.93042512  0.01836294  0.00000000  0.05121145  0.00000047  0
0.92993034  0.01835317  0.00000000  0.05171597  0.00000050  0
0.92943556  0.01834341  0.00000000  0.05222049  0.00000052  0
0.92894078  0.01833364  0.00000000  0.05272501  0.00000055  0
0.92844610  0.01832388  0.00000000  0.05322943  0.00000057  0
0.92795132  0.01831412  0.00000000  0.05373394  0.00000060  0
0.92745655  0.01830435  0.00000000  0.05423845  0.00000063  0
0.92696188  0.01829459  0.00000000  0.05474286  0.00000065  0
0.92646711  0.01828482  0.00000000  0.05524736  0.00000068  0
0.92597235  0.01827506  0.00000000  0.05575186  0.00000071  0
0.92547759  0.01826530  0.00000000  0.05625636  0.00000074  0
0.92498293  0.01825553  0.00000000  0.05676075  0.00000076  0
0.92448818  0.01824577  0.00000000  0.05726524  0.00000079  0
0.92399342  0.01823601  0.00000000  0.05776973  0.00000082  0
0.92349877  0.01822624  0.00000000  0.05827412  0.00000084  0
0.92300403  0.01821648  0.00000000  0.05877860  0.00000087  0
0.92250929  0.01820672  0.00000000  0.05928308  0.00000089  0
0.92201455  0.01819696  0.00000000  0.05978755  0.00000092  0
0.92151991  0.01818719  0.00000000  0.06029193  0.00000095  0
0.92102518  0.01817743  0.00000000  0.06079640  0.00000097  0
0.92053044  0.01816767  0.00000000  0.06130087  0.00000100  0
0.92003581  0.01815790  0.00000000  0.06180523  0.00000103  0
0.91954109  0.01814814  0.00000000  0.06230969  0.00000106  0
0.91904637  0.01813838  0.00000000  0.06281415  0.00000108  0
0.91855165  0.01812861  0.00000000  0.06331860  0.00000111  0
0.91805703  0.01811885  0.00000000  0.06382296  0.00000114  0
0.91756232  0.01810909  0.00000000  0.06432741  0.00000116  0
0.91706761  0.01809933  0.00000000  0.06483185  0.00000119  0
0.91657300  0.01808956  0.00000000  0.06533620  0.00000122  0
0.91607829  0.01807980  0.00000000  0.06584064  0.00000125  0
0.91558359  0.01807004  0.00000000  0.06634507  0.00000127  0
0.91508890  0.01806028  0.00000000  0.06684950  0.00000130  0
0.91459430  0.01805052  0.00000000  0.06735384  0.00000133  0
0.91409961  0.01804075  0.00000000  0.06785827  0.00000135  0
0.91360492  0.01803099  0.00000000  0.06836269  0.00000138  0
0.91311024  0.01802123  0.00000000  0.06886711  0.00000141  0
0.91261565  0.01801147  0.00000000  0.06937143  0.00000144  0
0.91212097  0.01800170  0.00000000  0.06987585  0.00000146  0
0.91162629  0.01799194  0.00000000  0.07038026  0.00000149  0
0.91113171  0.01798218  0.00000000  0.07088457  0.00000152  0
0.91063704  0.01797242  0.00000000  0.07138898  0.00000155  0
0.91014238  0.01796266  0.00000000  0.07189338  0.00000157  0
0.90964771  0.01795289  0.00000000  0.07239778  0.00000160  0
0.90915314  0.01794314  0.00000000  0.07290208  0.00000163  0
0.90865848  0.01793337  0.00000000  0.07340647  0.00000165  0
0.90816383  0.01792361  0.00000000  0.07391086  0.00000168  0
0.90766927  0.01791385  0.00000000  0.07441515  0.00000171  0
0.90717462  0.01790409  0.00000000  0.07491954  0.00000174  0
0.90667997  0.01789433  0.00000000  0.07542392  0.00000176  0
0.90618533  0.01788457  0.00000000  0.07592830  0.00000179  0
0.90569078  0.01787481  0.00000000  0.07643258  0.00000182  0
0.90519615  0.01786504  0.00000000  0.07693695  0.00000184  0
0.90470151  0.01785528  0.00000000  0.07744132  0.00000187  0
0.90420697  0.01784552  0.00000000  0.07794559  0.00000190  0
0.90371234  0.01783576  0.00000000  0.07844995  0.00000193  0
0.90321772  0.01782600  0.00000000  0.07895431  0.00000195  0
0.90272309  0.01781624  0.00000000  0.07945867  0.00000198  0
0.90222857  0.01780648  0.00000000  0.07996293  0.00000201  0
0.90173395  0.01779672  0.00000000  0.08046728  0.00000204  0
0.90123934  0.01778696  0.00000000  0.08097162  0.00000206  0
0.90074482  0.01777720  0.00000000  0.08147588  0.00000209  0
0.90025021  0.01776744  0.00000000  0.08198022  0.00000212  0
0.89975560  0.01775767  0.00000000  0.08248455  0.00000215  0
0.89926100  0.01774791  0.00000000  0.08298889  0.00000218  0
0.89876649  0.01773815  0.00000000  0.08349313  0.00000220  0
0.89827190  0.01772839  0.00000000  0.08399746  0.00000223  0
0.89777731  0.01771863  0.00000000  0.08450178  0.00000226  0
0.89728272  0.01770887  0.00000000  0.08500611  0.00000229  0
0.89678822  0.01769911  0.00000000  0.08551033  0.00000231  0
0.89629363  0.01768935  0.00000000  0.08601465  0.00000234  0
0.89579905  0.01767959  0.00000000  0.08651896  0.00000237  0
0.89530457  0.01766983  0.00000000  0.08702318  0.00000240  0
0.89480999  0.01766007  0.00000000  0.08752749  0.00000243  0
0.89431542  0.01765031  0.00000000  0.08803179  0.00000246  0
0.89382085  0.01764055  0.00000000  0.08853609  0.00000248  0
0.89332638  0.01763079  0.00000000  0.08904030  0.00000251  0
0.89283181  0.01762103  0.00000000  0.08954460  0.00000254  0
0.89233725  0.01761127  0.00000000  0.09004889  0.00000256  0
0.89184278  0.01760152  0.00000000  0.09055309  0.00000259  0
0.89134823  0.01759176  0.00000000  0.09105737  0.00000262  0
0.89085368  0.01758199  0.00000000  0.09156166  0.00000265  0
0.89035913  0.01757224  0.00000000  0.09206594  0.00000268  0
0.88986467  0.01756248  0.00000000  0.09257012  0.00000271  0
0.88937013  0.01755272  0.00000000  0.09307440  0.00000273  0
0.88887559  0.01754296  0.00000000  0.09357867  0.00000276  0
0.88838115  0.01753320  0.00000000  0.09408284  0.00000279  0
0.88788661  0.01752344  0.00000000  0.09458711  0.00000282  0
0.88739208  0.01751368  0.00000000  0.09509137  0.00000285  0
0.88689755  0.01750392  0.00000000  0.09559563  0.00000288  0
0.88640312  0.01749416  0.00000000  0.09609979  0.00000290  0
0.88590860  0.01748440  0.00000000  0.09660405  0.00000293  0
0.88541408  0.01747464  0.00000000  0.09710830  0.00000296  0
0.88491965  0.01746489  0.00000000  0.09761245  0.00000299  0
0.88442514  0.01745513  0.00000000  0.09811670  0.00000302  0
0.88393063  0.01744537  0.00000000  0.09862094  0.00000305  0
0.88343612  0.01743561  0.00000000  0.09912517  0.00000307  0
0.88294171  0.01742585  0.00000000  0.09962932  0.00000310  0
0.88244721  0.01741609  0.00000000  0.10013355  0.00000313  0
0.88195271  0.01740634  0.00000000  0.10063778  0.00000316  0
0.88145821  0.01739658  0.00000000  0.10114200  0.00000319  0
0.88096381  0.01738682  0.00000000  0.10164613  0.00000322  0
0.88046932  0.01737706  0.00000000  0.10215035  0.00000324  0
0.87997484  0.01736730  0.00000000  0.10265457  0.00000327  0
0.87948044  0.01735754  0.00000000  0.10315869  0.00000330  0
0.87898596  0.01734779  0.00000000  0.10366290  0.00000333  0
0.87849148  0.01733803  0.00000000  0.10416711  0.00000336  0
0.87799701  0.01732827  0.00000000  0.10467131  0.00000339  0
0.87750263  0.01731851  0.00000000  0.10517542  0.00000341  0
0.87700816  0.01730875  0.00000000  0.10567962  0.00000344  0
0.87651370  0.01729900  0.00000000  0.10618382  0.00000347  0
0.87601932  0.01728924  0.00000000  0.10668792  0.00000350  0
0.87552486  0.01727948  0.00000000  0.10719211  0.00000353  0
0.87503040  0.01726972  0.00000000  0.10769629  0.00000356  0
0.87453595  0.01725997  0.00000000  0.10820048  0.00000359  0
0.87404159  0.01725021  0.00000000  0.10870457  0.00000362  0
0.87354714  0.01724045  0.00000000  0.10920874  0.00000364  0
0.87305270  0.01723069  0.00000000  0.10971292  0.00000367  0
0.87255834  0.01722094  0.00000000  0.11021700  0.00000370  0
0.87206390  0.01721118  0.00000000  0.11072117  0.00000373  0
0.87156946  0.01720142  0.00000000  0.11122533  0.00000376  0
0.87107503  0.01719166  0.00000000  0.11172949  0.00000379  0
0.87058069  0.01718191  0.00000000  0.11223356  0.00000382  0
0.87008626  0.01717215  0.00000000  0.11273772  0.00000385  0
0.86959184  0.01716239  0.00000000  0.11324187  0.00000388  0
0.86909742  0.01715264  0.00000000  0.11374602  0.00000391  0
0.86860309  0.01714288  0.00000000  0.11425008  0.00000394  0
0.86810867  0.01713312  0.00000000  0.11475422  0.00000396  0
0.86761426  0.01712337  0.00000000  0.11525836  0.00000399  0
0.86711994  0.01711361  0.00000000  0.11576241  0.00000402  0
0.86662553  0.01710385  0.00000000  0.11626654  0.00000405  0
0.86613113  0.01709410  0.00000000  0.11677067  0.00000408  0
0.86563673  0.01708434  0.00000000  0.11727480  0.00000411  0
0.86514242  0.01707458  0.00000000  0.11777884  0.00000414  0
0.86464803  0.01706483  0.00000000  0.11828296  0.00000417  0
0.86415363  0.01705507  0.00000000  0.11878708  0.00000420  0
0.86365933  0.01704532  0.00000000  0.11929111  0.00000423  0
0.86316495  0.01703556  0.00000000  0.11979522  0.00000426  0
0.86267057  0.01702580  0.00000000  0.12029933  0.00000428  0
0.86217618  0.01701605  0.00000000  0.12080343  0.00000432  0
0.86168189  0.01700629  0.00000000  0.12130745  0.00000434  0
0.86118752  0.01699654  0.00000000  0.12181155  0.00000437  0
0.86069315  0.01698678  0.00000000  0.12231565  0.00000440  0
0.86019887  0.01697703  0.00000000  0.12281965  0.00000443  0
0.85970450  0.01696727  0.00000000  0.12332375  0.00000446  0
0.85921014  0.01695751  0.00000000  0.12382783  0.00000449  0
0.85871578  0.01694776  0.00000000  0.12433192  0.00000452  0
0.85822151  0.01693800  0.00000000  0.12483591  0.00000455  0
0.85772716  0.01692824  0.00000000  0.12533999  0.00000458  0
0.85723281  0.01691849  0.00000000  0.12584407  0.00000461  0
0.85673855  0.01690874  0.00000000  0.12634806  0.00000464  0
0.85624421  0.01689898  0.00000000  0.12685213  0.00000467  0
0.85574986  0.01688922  0.00000000  0.12735619  0.00000470  0
0.85525553  0.01687947  0.00000000  0.12786026  0.00000473  0
0.85476128  0.01686972  0.00000000  0.12836423  0.00000476  0
0.85426694  0.01685996  0.00000000  0.12886829  0.00000479  0
0.85377262  0.01685020  0.00000000  0.12937234  0.00000482  0
0.85327829  0.01684045  0.00000000  0.12987640  0.00000485  0
0.85278405  0.01683069  0.00000000  0.13038036  0.00000488  0
0.85228973  0.01682094  0.00000000  0.13088440  0.00000491  0
0.85179541  0.01681118  0.00000000  0.13138845  0.00000493  0
0.85130118  0.01680143  0.00000000  0.13189240  0.00000497  0
0.85080687  0.01679167  0.00000000  0.13239644  0.00000500  0
0.85031256  0.01678192  0.00000000  0.13290047  0.00000503  0
0.84981826  0.01677216  0.00000000  0.13340450  0.00000506  0
0.84932404  0.01676241  0.00000000  0.13390844  0.00000508  0
0.84882974  0.01675266  0.00000000  0.13441247  0.00000512  0
0.84833545  0.01674290  0.00000000  0.13491649  0.00000515  0
0.84784124  0.01673315  0.00000000  0.13542042  0.00000518  0
0.84734695  0.01672339  0.00000000  0.13592443  0.00000521  0
0.84685266  0.01671364  0.00000000  0.13642845  0.00000524  0
0.84635837  0.01670388  0.00000000  0.13693246  0.00000527  0
0.84586417  0.01669413  0.00000000  0.13743638  0.00000530  0
0.84536990  0.01668438  0.00000000  0.13794038  0.00000533  0
0.84487562  0.01667462  0.00000000  0.13844438  0.00000536  0
0.84438143  0.01666487  0.00000000  0.13894829  0.00000539  0
0.84388716  0.01665511  0.00000000  0.13945229  0.00000542  0
0.84339289  0.01664536  0.00000000  0.13995628  0.00000545  0
0.84289863  0.01663561  0.00000000  0.14046026  0.00000548  0
0.84240445  0.01662585  0.00000000  0.14096416  0.00000551  0
0.84191020  0.01661610  0.00000000  0.14146815  0.00000554  0
0.84141594  0.01660635  0.00000000  0.14197212  0.00000557  2
0.84092177  0.01659659  0.00000000  0.14247602  0.00000560  2
0.84042752  0.01658684  0.00000000  0.14297999  0.00000563  2
0.83993328  0.01657709  0.00000000  0.14348396  0.00000566  2
0.83943903  0.01656733  0.00000000  0.14398793  0.00000569  2
0.83894487  0.01655758  0.00000000  0.14449180  0.00000572  2
0.83845064  0.01654783  0.00000000  0.14499576  0.00000575  2
0.83795640  0.01653807  0.00000000  0.14549972  0.00000578  2
0.83746217  0.01652832  0.00000000  0.14600368  0.00000581  2
0.83696803  0.01651857  0.00000000  0.14650754  0.00000584  2
0.83647380  0.01650881  0.00000000  0.14701149  0.00000587  2
0.83597958  0.01649906  0.00000000  0.14751544  0.00000591  2
0.83548544  0.01648931  0.00000000  0.14801929  0.00000594  2
0.83499123  0.01647955  0.00000000  0.14852323  0.00000597  2
0.83449701  0.01646980  0.00000000  0.14902717  0.00000600  2
0.83400280  0.01646005  0.00000000  0.14953110  0.00000603  2
0.83350868  0.01645030  0.00000000  0.15003495  0.00000606  2
