# weight fractions/chain concentrations : HOH   TMA   OH   Chain  H3O
# 0:stable, 1:macophase instability, 2:mesophase instability
0.97532085  0.01934303  0.00433611  0.00099998  0.00000000  0
0.97445558  0.01931559  0.00422883  0.00199998  0.00000000  0
0.97359030  0.01928815  0.00412155  0.00299998  0.00000000  0
0.97269210  0.01928758  0.00402044  0.00399986  0.00000000  0
0.97182684  0.01926014  0.00391316  0.00499984  0.00000000  0
0.97096156  0.01923270  0.00380588  0.00599984  0.00000000  0
0.97006347  0.01923213  0.00370478  0.00699960  0.00000000  0
0.96919821  0.01920469  0.00359751  0.00799958  0.00000000  0
0.96833294  0.01917725  0.00349022  0.00899956  0.00000000  0
0.96743495  0.01917668  0.00338914  0.00999921  0.00000000  0
0.96656969  0.01914925  0.00328186  0.01099918  0.00000000  0
0.96570444  0.01912181  0.00317458  0.01199915  0.00000000  0
0.96483917  0.01909437  0.00306730  0.01299913  0.00000000  0
0.96394130  0.01909380  0.00296623  0.01399865  0.00000000  0
0.96307605  0.01906636  0.00285896  0.01499861  0.00000000  0
0.96221079  0.01903893  0.00275168  0.01599858  0.00000000  0
0.96131301  0.01903836  0.00265062  0.01699799  0.00000000  0
0.96044777  0.01901092  0.00254334  0.01799794  0.00000000  0
0.95958225  0.01898361  0.00243608  0.01899803  0.00000000  0
0.95868457  0.01898305  0.00233503  0.01999733  0.00000000  0
0.95781933  0.01895561  0.00222776  0.02099728  0.00000000  0
0.95695409  0.01892817  0.00212048  0.02199724  0.00000000  0
0.95608883  0.01890074  0.00201320  0.02299721  0.00000000  0
0.95519127  0.01890017  0.00191217  0.02399637  0.00000000  0
0.95432603  0.01887274  0.00180489  0.02499632  0.00000000  0
0.95346079  0.01884530  0.00169761  0.02599628  0.00000000  0
0.95256332  0.01884474  0.00159659  0.02699533  0.00000000  0
0.95169809  0.01881730  0.00148932  0.02799527  0.00000000  0
0.95083286  0.01878987  0.00138204  0.02899521  0.00000000  0
0.94996762  0.01876243  0.00127476  0.02999517  0.00000000  0
0.94907027  0.01876187  0.00117376  0.03099408  0.00000000  0
0.94820504  0.01873444  0.00106648  0.03199402  0.00000000  0
0.94733981  0.01870700  0.00095921  0.03299396  0.00000000  0
0.94644256  0.01870644  0.00085821  0.03399277  0.00000000  0
0.94557734  0.01867901  0.00075094  0.03499269  0.00000000  0
0.94471211  0.01865157  0.00064366  0.03599263  0.00000000  0
0.94381496  0.01865102  0.00054268  0.03699132  0.00000000  0
0.94294975  0.01862358  0.00043541  0.03799124  0.00000000  0
0.94208454  0.01859615  0.00032813  0.03899116  0.00000000  0
0.94121931  0.01856871  0.00022086  0.03999110  0.00000000  0
0.94032228  0.01856816  0.00011989  0.04098965  0.00000000  0
0.93945707  0.01854072  0.00001262  0.04198957  0.00000000  0
0.93839802  0.01851329  0.00000000  0.04298986  0.00009881  0
0.93729388  0.01851274  0.00000000  0.04398868  0.00020468  0
0.93620811  0.01848530  0.00000000  0.04498896  0.00031761  0
0.93512232  0.01845787  0.00000000  0.04598925  0.00043054  0
0.93401831  0.01845732  0.00000000  0.04698795  0.00053640  0
0.93293254  0.01842989  0.00000000  0.04798822  0.00064933  0
0.93184677  0.01840245  0.00000000  0.04898850  0.00076226  0
0.93076099  0.01837502  0.00000000  0.04998879  0.00087519  0
0.92965713  0.01837447  0.00000000  0.05098736  0.00098103  0
0.92857136  0.01834704  0.00000000  0.05198762  0.00109396  0
0.92748559  0.01831960  0.00000000  0.05298790  0.00120689  0
0.92638185  0.01831906  0.00000000  0.05398636  0.00131272  0
0.92530278  0.01829162  0.00000000  0.05498699  0.00141859  2
0.92421702  0.01826419  0.00000000  0.05598725  0.00153152  2
0.92313125  0.01823676  0.00000000  0.05698753  0.00164445  2
0.92203434  0.01823621  0.00000000  0.05798622  0.00174320  2
0.92094859  0.01820878  0.00000000  0.05898648  0.00185613  2
0.91986952  0.01818135  0.00000000  0.05998712  0.00196200  2
0.91876605  0.01818080  0.00000000  0.06098532  0.00206780  2
0.91768699  0.01815337  0.00000000  0.06198594  0.00217367  2
0.91660124  0.01812594  0.00000000  0.06298620  0.00228660  2
0.91550458  0.01812540  0.00000000  0.06398467  0.00238533  2
0.91441885  0.01809797  0.00000000  0.06498491  0.00249826  2
0.91333980  0.01807053  0.00000000  0.06598552  0.00260413  2
0.91226073  0.01804310  0.00000000  0.06698615  0.00271000  2
0.91115753  0.01804256  0.00000000  0.06798411  0.00281577  2
0.91007849  0.01801513  0.00000000  0.06898472  0.00292164  2
0.90899944  0.01798770  0.00000000  0.06998534  0.00302751  2
0.90789636  0.01798716  0.00000000  0.07098319  0.00313327  2
0.90681733  0.01795973  0.00000000  0.07198378  0.00323914  2
0.90573828  0.01793230  0.00000000  0.07298439  0.00334501  2
0.90464201  0.01793176  0.00000000  0.07398250  0.00344370  2
0.90356299  0.01790433  0.00000000  0.07498309  0.00354957  2
0.90248396  0.01787690  0.00000000  0.07598369  0.00365544  2
0.90140492  0.01784947  0.00000000  0.07698429  0.00376130  2
0.90030879  0.01784894  0.00000000  0.07798227  0.00385998  2
0.89922977  0.01782151  0.00000000  0.07898285  0.00396585  2
0.89815074  0.01779407  0.00000000  0.07998345  0.00407172  2
0.89705474  0.01779354  0.00000000  0.08098131  0.00417039  2
0.89597573  0.01776611  0.00000000  0.08198189  0.00427625  2
0.89489671  0.01773868  0.00000000  0.08298247  0.00438212  2
0.89381768  0.01771125  0.00000000  0.08398306  0.00448798  2
0.89272183  0.01771072  0.00000000  0.08498079  0.00458664  2
0.89164282  0.01768329  0.00000000  0.08598137  0.00469250  2
0.89057049  0.01765586  0.00000000  0.08698232  0.00479131  2
0.88947475  0.01765533  0.00000000  0.08797994  0.00488995  2
0.88839576  0.01762790  0.00000000  0.08898050  0.00499582  2
0.88732343  0.01760047  0.00000000  0.08998145  0.00509463  2
0.88622782  0.01759995  0.00000000  0.09097895  0.00519326  2
0.88514883  0.01757252  0.00000000  0.09197951  0.00529912  2
0.88407652  0.01754509  0.00000000  0.09298045  0.00539793  2
0.88299751  0.01751766  0.00000000  0.09398102  0.00550379  2
0.88190205  0.01751714  0.00000000  0.09497838  0.00560241  2
0.88082975  0.01748971  0.00000000  0.09597931  0.00570122  2
0.87975075  0.01746228  0.00000000  0.09697987  0.00580708  2
0.87866209  0.01746176  0.00000000  0.09797750  0.00589863  2
0.87758312  0.01743433  0.00000000  0.09897805  0.00600449  2
0.87651082  0.01740690  0.00000000  0.09997897  0.00610330  2
0.87542227  0.01740638  0.00000000  0.10097649  0.00619484  2
0.87434331  0.01737895  0.00000000  0.10197702  0.00630070  2
0.87327102  0.01735152  0.00000000  0.10297794  0.00639950  2
0.87219872  0.01732409  0.00000000  0.10397886  0.00649831  2
0.87110365  0.01732357  0.00000000  0.10497587  0.00659689  2
0.87003137  0.01729615  0.00000000  0.10597677  0.00669570  2
0.86895908  0.01726872  0.00000000  0.10697769  0.00679450  2
0.86786412  0.01726820  0.00000000  0.10797458  0.00689307  2
0.86679185  0.01724077  0.00000000  0.10897548  0.00699188  2
0.86571958  0.01721334  0.00000000  0.10997638  0.00709068  2
0.86464729  0.01718592  0.00000000  0.11097729  0.00718948  2
0.86355916  0.01718540  0.00000000  0.11197443  0.00728099  2
0.86248022  0.01715797  0.00000000  0.11297495  0.00738684  2
0.86140794  0.01713055  0.00000000  0.11397585  0.00748565  2
0.86031994  0.01713004  0.00000000  0.11497287  0.00757714  2
0.85924768  0.01710261  0.00000000  0.11597375  0.00767594  2
0.85817541  0.01707518  0.00000000  0.11697464  0.00777474  2
0.85708753  0.01707467  0.00000000  0.11797155  0.00786623  2
0.85601528  0.01704724  0.00000000  0.11897243  0.00796503  2
0.85494303  0.01701982  0.00000000  0.11997331  0.00806383  2
0.85387076  0.01699239  0.00000000  0.12097420  0.00816263  2
0.85278303  0.01699188  0.00000000  0.12197097  0.00825410  2
0.85171078  0.01696445  0.00000000  0.12297184  0.00835290  1
0.85064521  0.01693703  0.00000000  0.12397310  0.00844465  1
0.84955759  0.01693652  0.00000000  0.12496976  0.00853610  1
0.84848536  0.01690909  0.00000000  0.12597062  0.00863490  1
0.84741312  0.01688167  0.00000000  0.12697149  0.00873370  1
0.84632562  0.01688116  0.00000000  0.12796804  0.00882515  1
0.84525340  0.01685374  0.00000000  0.12896890  0.00892395  1
0.84418785  0.01682631  0.00000000  0.12997013  0.00901570  1
0.84311560  0.01679888  0.00000000  0.13097100  0.00911449  1
0.84202826  0.01679838  0.00000000  0.13196741  0.00920593  1
0.84096271  0.01677096  0.00000000  0.13296864  0.00929767  1
0.83989048  0.01674353  0.00000000  0.13396949  0.00939647  1
0.83880326  0.01674303  0.00000000  0.13496580  0.00948790  1
0.83773772  0.01671560  0.00000000  0.13596701  0.00957964  1
0.83666551  0.01668818  0.00000000  0.13696786  0.00967844  1
0.83559996  0.01666075  0.00000000  0.13796909  0.00977018  1
0.83451288  0.01666026  0.00000000  0.13896526  0.00986159  1
0.83344067  0.01663283  0.00000000  0.13996609  0.00996039  1
0.83237513  0.01660540  0.00000000  0.14096731  0.01005213  1
0.83128817  0.01660491  0.00000000  0.14196337  0.01014354  1
0.83022265  0.01657748  0.00000000  0.14296457  0.01023528  1
0.82915044  0.01655006  0.00000000  0.14396541  0.01033407  1
0.82807028  0.01654956  0.00000000  0.14496172  0.01041841  1
0.82699809  0.01652214  0.00000000  0.14596254  0.01051721  1
0.82593258  0.01649471  0.00000000  0.14696374  0.01060895  1
0.82486705  0.01646729  0.00000000  0.14796495  0.01070069  1
0.82378036  0.01646680  0.00000000  0.14896076  0.01079207  1
0.82271367  0.01643948  0.00000000  0.14996295  0.01088388  1
0.82164815  0.01641206  0.00000000  0.15096415  0.01097562  1
0.82056156  0.01641157  0.00000000  0.15195986  0.01106699  1
0.81949606  0.01638414  0.00000000  0.15296104  0.01115873  1
0.81843055  0.01635672  0.00000000  0.15396224  0.01125047  1
0.81734409  0.01635623  0.00000000  0.15495783  0.01134183  1
0.81627859  0.01632881  0.00000000  0.15595901  0.01143357  1
0.81521309  0.01630138  0.00000000  0.15696019  0.01152531  1
0.81414759  0.01627396  0.00000000  0.15796139  0.01161705  1
0.81306795  0.01627347  0.00000000  0.15895721  0.01170135  1
0.81199578  0.01624605  0.00000000  0.15995802  0.01180014  1
0.81093028  0.01621862  0.00000000  0.16095920  0.01189188  1
0.80985076  0.01621814  0.00000000  0.16195492  0.01197616  1
0.80878528  0.01619072  0.00000000  0.16295608  0.01206790  1
0.80771980  0.01616329  0.00000000  0.16395725  0.01215964  1
0.80665430  0.01613587  0.00000000  0.16495844  0.01225138  1
0.80557493  0.01613539  0.00000000  0.16595402  0.01233565  1
0.80450945  0.01610796  0.00000000  0.16695518  0.01242739  1
0.80344396  0.01608054  0.00000000  0.16795635  0.01251913  1
0.80236471  0.01608006  0.00000000  0.16895182  0.01260339  1
0.80129925  0.01605264  0.00000000  0.16995297  0.01269512  1
0.80023377  0.01602521  0.00000000  0.17095413  0.01278686  1
0.79915464  0.01602473  0.00000000  0.17194949  0.01287111  1
0.79808918  0.01599731  0.00000000  0.17295064  0.01296285  1
0.79702372  0.01596989  0.00000000  0.17395179  0.01305459  1
0.79595824  0.01594247  0.00000000  0.17495295  0.01314632  1
0.79487926  0.01594199  0.00000000  0.17594817  0.01323056  1
0.79381380  0.01591457  0.00000000  0.17694931  0.01332230  1
0.79275502  0.01588714  0.00000000  0.17795083  0.01340698  1
0.79167615  0.01588667  0.00000000  0.17894594  0.01349121  1
0.79061071  0.01585925  0.00000000  0.17994707  0.01358295  1
0.78954526  0.01583183  0.00000000  0.18094821  0.01367468  1
0.78846651  0.01583135  0.00000000  0.18194321  0.01375890  1
0.78740775  0.01580393  0.00000000  0.18294471  0.01384359  1
0.78634231  0.01577651  0.00000000  0.18394584  0.01393532  1
0.78527686  0.01574909  0.00000000  0.18494698  0.01402706  1
0.78419826  0.01574862  0.00000000  0.18594184  0.01411126  1
0.78313951  0.01572120  0.00000000  0.18694333  0.01419595  1
0.78207407  0.01569377  0.00000000  0.18794446  0.01428768  1
0.78099559  0.01569331  0.00000000  0.18893921  0.01437188  1
0.77993684  0.01566589  0.00000000  0.18994069  0.01445656  1
0.77887141  0.01563846  0.00000000  0.19094181  0.01454829  1
0.77780597  0.01561104  0.00000000  0.19194294  0.01464003  1
0.77673432  0.01561058  0.00000000  0.19293793  0.01471716  1
0.77566890  0.01558316  0.00000000  0.19393903  0.01480889  1
0.77461015  0.01555573  0.00000000  0.19494052  0.01489358  1
0.77353193  0.01555527  0.00000000  0.19593503  0.01497775  1
0.77247320  0.01552785  0.00000000  0.19693650  0.01506243  1
0.77140778  0.01550043  0.00000000  0.19793760  0.01515416  1
0.77032969  0.01549997  0.00000000  0.19893200  0.01523833  1
0.76927097  0.01547255  0.00000000  0.19993346  0.01532301  1
0.76821224  0.01544512  0.00000000  0.20093493  0.01540769  1
0.76714682  0.01541770  0.00000000  0.20193603  0.01549942  1
0.76607555  0.01541724  0.00000000  0.20293066  0.01557653  1
0.76501015  0.01538982  0.00000000  0.20393175  0.01566826  1
0.76395143  0.01536240  0.00000000  0.20493321  0.01575294  1
0.76287359  0.01536195  0.00000000  0.20592736  0.01583708  1
0.76181489  0.01533453  0.00000000  0.20692881  0.01592176  1
0.76075617  0.01530711  0.00000000  0.20793027  0.01600644  1
0.75967846  0.01530665  0.00000000  0.20892430  0.01609058  1
0.75861976  0.01527923  0.00000000  0.20992574  0.01617525  1
0.75756105  0.01525181  0.00000000  0.21092719  0.01625993  1
0.75649566  0.01522439  0.00000000  0.21192827  0.01635166  1
0.75542477  0.01522394  0.00000000  0.21292254  0.01642873  1
0.75436607  0.01519652  0.00000000  0.21392398  0.01651341  1
0.75330069  0.01516910  0.00000000  0.21492505  0.01660514  1
0.75222992  0.01516864  0.00000000  0.21591921  0.01668220  1
0.75117124  0.01514123  0.00000000  0.21692064  0.01676688  1
0.75011254  0.01511381  0.00000000  0.21792207  0.01685156  1
0.74904716  0.01508639  0.00000000  0.21892314  0.01694329  1
0.74797654  0.01508594  0.00000000  0.21991717  0.01702034  1
0.74691785  0.01505852  0.00000000  0.22091859  0.01710502  1
0.74585916  0.01503110  0.00000000  0.22192003  0.01718969  1
0.74478865  0.01503065  0.00000000  0.22291394  0.01726674  1
0.74372998  0.01500323  0.00000000  0.22391535  0.01735141  1
0.74266462  0.01497581  0.00000000  0.22491641  0.01744314  1
0.74159423  0.01497537  0.00000000  0.22591021  0.01752017  1
0.74053557  0.01494795  0.00000000  0.22691161  0.01760485  1
0.73947690  0.01492053  0.00000000  0.22791303  0.01768952  1
0.73841822  0.01489311  0.00000000  0.22891445  0.01777420  1
0.73734798  0.01489267  0.00000000  0.22990811  0.01785122  1
0.73628932  0.01486525  0.00000000  0.23090952  0.01793590  1
0.73523065  0.01483783  0.00000000  0.23191093  0.01802057  1
0.73416052  0.01483739  0.00000000  0.23290448  0.01809759  1
0.73310187  0.01480997  0.00000000  0.23390588  0.01818226  1
0.73204321  0.01478256  0.00000000  0.23490728  0.01826693  1
0.73097321  0.01478211  0.00000000  0.23590072  0.01834394  1
0.72991457  0.01475470  0.00000000  0.23690210  0.01842861  1
0.72885592  0.01472728  0.00000000  0.23790350  0.01851329  1
0.72779726  0.01469986  0.00000000  0.23890490  0.01859796  1
0.72672740  0.01469942  0.00000000  0.23989820  0.01867495  1
0.72566876  0.01467201  0.00000000  0.24089959  0.01875963  1
0.72461012  0.01464459  0.00000000  0.24190098  0.01884430  1
0.72354037  0.01464415  0.00000000  0.24289417  0.01892128  1
0.72248175  0.01461674  0.00000000  0.24389554  0.01900596  1
0.72142979  0.01458932  0.00000000  0.24489730  0.01908358  1
0.72037114  0.01456190  0.00000000  0.24589869  0.01916825  1
0.71930154  0.01456147  0.00000000  0.24689174  0.01924523  1
0.71824292  0.01453405  0.00000000  0.24789311  0.01932990  1
0.71718428  0.01450664  0.00000000  0.24889449  0.01941457  1
0.71611481  0.01450620  0.00000000  0.24988744  0.01949153  1
0.71506287  0.01447879  0.00000000  0.25088917  0.01956915  1
0.71400424  0.01445137  0.00000000  0.25189054  0.01965383  1
0.71293488  0.01445094  0.00000000  0.25288338  0.01973078  1
0.71187628  0.01442352  0.00000000  0.25388473  0.01981545  1
0.71082434  0.01439611  0.00000000  0.25488646  0.01989307  1
0.70976572  0.01436869  0.00000000  0.25588783  0.01997774  1
0.70869650  0.01436826  0.00000000  0.25688053  0.02005469  1
0.70763790  0.01434085  0.00000000  0.25788187  0.02013936  1
0.70658596  0.01431343  0.00000000  0.25888360  0.02021698  1
0.70551687  0.01431301  0.00000000  0.25987619  0.02029392  1
0.70445827  0.01428559  0.00000000  0.26087753  0.02037858  1
0.70340635  0.01425818  0.00000000  0.26187925  0.02045620  1
0.70233737  0.01425775  0.00000000  0.26287173  0.02053313  1
0.70127879  0.01423034  0.00000000  0.26387306  0.02061780  1
0.70022687  0.01420292  0.00000000  0.26487477  0.02069542  1
0.69916827  0.01417551  0.00000000  0.26587611  0.02078009  1
0.69809944  0.01417508  0.00000000  0.26686845  0.02085700  1
0.69704753  0.01414767  0.00000000  0.26787015  0.02093462  1
0.69598895  0.01412025  0.00000000  0.26887149  0.02101929  1
0.69492691  0.01411983  0.00000000  0.26986409  0.02108915  1
0.69386834  0.01409242  0.00000000  0.27086541  0.02117382  1
0.69281643  0.01406500  0.00000000  0.27186711  0.02125143  1
0.69174784  0.01406459  0.00000000  0.27285923  0.02132833  1
0.69069595  0.01403717  0.00000000  0.27386091  0.02140595  1
0.68963738  0.01400976  0.00000000  0.27486222  0.02149062  1
0.68858548  0.01398234  0.00000000  0.27586392  0.02156824  1
0.68751703  0.01398193  0.00000000  0.27685590  0.02164512  1
0.68646515  0.01395451  0.00000000  0.27785758  0.02172274  1
0.68540658  0.01392710  0.00000000  0.27885889  0.02180741  1
0.68434492  0.01392668  0.00000000  0.27985114  0.02187724  1
0.68328426  0.01389936  0.00000000  0.28085431  0.02196205  1
0.68223237  0.01387195  0.00000000  0.28185599  0.02203967  1
0.68118048  0.01384453  0.00000000  0.28285768  0.02211729  1
0.68011228  0.01384412  0.00000000  0.28384942  0.02219415  1
0.67906040  0.01381671  0.00000000  0.28485110  0.02227177  1
0.67800184  0.01378930  0.00000000  0.28585241  0.02235644  1
0.67694044  0.01378888  0.00000000  0.28684441  0.02242625  1
0.67588857  0.01376147  0.00000000  0.28784607  0.02250387  1
0.67483002  0.01373406  0.00000000  0.28884737  0.02258853  1
0.67376873  0.01373365  0.00000000  0.28983926  0.02265833  1
0.67271688  0.01370624  0.00000000  0.29084092  0.02273595  1
0.67165834  0.01367882  0.00000000  0.29184221  0.02282061  1
0.67060647  0.01365141  0.00000000  0.29284387  0.02289823  1
0.66954532  0.01365100  0.00000000  0.29383563  0.02296802  1
0.66848679  0.01362359  0.00000000  0.29483691  0.02305269  1
0.66743493  0.01359618  0.00000000  0.29583857  0.02313030  1
0.66637391  0.01359577  0.00000000  0.29683021  0.02320009  1
0.66532206  0.01356836  0.00000000  0.29783186  0.02327770  1
0.66426354  0.01354095  0.00000000  0.29883313  0.02336236  1
0.66320263  0.01354055  0.00000000  0.29982467  0.02343214  1
