# weight fractions/chain concentrations : HOH   TMA   OH   Chain  H3O
# 0:stable, 1:macophase instability, 2:mesophase instability
0.97611274  0.01935703  0.00443021  0.00010000  0.00000000  0
0.97602621  0.01935429  0.00441949  0.00020000  0.00000000  0
0.97593638  0.01935423  0.00440937  0.00029999  0.00000000  0
0.97584986  0.01935149  0.00439864  0.00039999  0.00000000  0
0.97576333  0.01934874  0.00438792  0.00049999  0.00000000  0
0.97567350  0.01934868  0.00437780  0.00059999  0.00000000  0
0.97558697  0.01934594  0.00436708  0.00069999  0.00000000  0
0.97550044  0.01934320  0.00435635  0.00079999  0.00000000  0
0.97541392  0.01934045  0.00434562  0.00089999  0.00000000  0
0.97532409  0.01934040  0.00433551  0.00099999  0.00000000  0
0.97523756  0.01933765  0.00432478  0.00109999  0.00000000  0
0.97515103  0.01933491  0.00431405  0.00119999  0.00000000  0
0.97506121  0.01933485  0.00430394  0.00129998  0.00000000  0
0.97497468  0.01933211  0.00429321  0.00139998  0.00000000  0
0.97488815  0.01932936  0.00428248  0.00149998  0.00000000  0
0.97479833  0.01932930  0.00427237  0.00159998  0.00000000  0
0.97471180  0.01932656  0.00426164  0.00169998  0.00000000  0
0.97462527  0.01932382  0.00425092  0.00179998  0.00000000  0
0.97453874  0.01932107  0.00424019  0.00189998  0.00000000  0
0.97444892  0.01932102  0.00423008  0.00199997  0.00000000  0
0.97436239  0.01931827  0.00421935  0.00209997  0.00000000  0
0.97427586  0.01931553  0.00420862  0.00219997  0.00000000  0
0.97418604  0.01931547  0.00419851  0.00229996  0.00000000  0
0.97409951  0.01931273  0.00418778  0.00239996  0.00000000  0
0.97401298  0.01930998  0.00417705  0.00249996  0.00000000  0
0.97392646  0.01930724  0.00416633  0.00259996  0.00000000  0
0.97383664  0.01930718  0.00415621  0.00269995  0.00000000  0
0.97375011  0.01930444  0.00414549  0.00279995  0.00000000  0
0.97366358  0.01930169  0.00413476  0.00289995  0.00000000  0
0.97357376  0.01930164  0.00412465  0.00299994  0.00000000  0
0.97348723  0.01929889  0.00411392  0.00309994  0.00000000  0
0.97340070  0.01929615  0.00410319  0.00319994  0.00000000  0
0.97331088  0.01929609  0.00409308  0.00329993  0.00000000  0
0.97322436  0.01929335  0.00408235  0.00339992  0.00000000  0
0.97313783  0.01929060  0.00407162  0.00349992  0.00000000  0
0.97305130  0.01928786  0.00406090  0.00359992  0.00000000  0
0.97296148  0.01928780  0.00405078  0.00369991  0.00000000  0
0.97287496  0.01928506  0.00404006  0.00379991  0.00000000  0
0.97278843  0.01928231  0.00402933  0.00389991  0.00000000  0
0.97269861  0.01928226  0.00401922  0.00399989  0.00000000  0
0.97261208  0.01927951  0.00400849  0.00409989  0.00000000  0
0.97252556  0.01927677  0.00399776  0.00419989  0.00000000  0
0.97243574  0.01927671  0.00398765  0.00429988  0.00000000  0
0.97234921  0.01927397  0.00397692  0.00439988  0.00000000  0
0.97226269  0.01927122  0.00396619  0.00449988  0.00000000  0
0.97217616  0.01926848  0.00395547  0.00459988  0.00000000  0
0.97208634  0.01926842  0.00394536  0.00469986  0.00000000  0
0.97199982  0.01926568  0.00393463  0.00479986  0.00000000  0
0.97191329  0.01926294  0.00392390  0.00489986  0.00000000  0
0.97182347  0.01926288  0.00391379  0.00499984  0.00000000  0
0.97173695  0.01926013  0.00390306  0.00509984  0.00000000  0
0.97165042  0.01925739  0.00389233  0.00519984  0.00000000  0
0.97156389  0.01925465  0.00388161  0.00529984  0.00000000  0
0.97147408  0.01925459  0.00387150  0.00539982  0.00000000  0
0.97138755  0.01925185  0.00386077  0.00549982  0.00000000  0
0.97130102  0.01924910  0.00385004  0.00559981  0.00000000  0
0.97121121  0.01924904  0.00383993  0.00569979  0.00000000  0
0.97112469  0.01924630  0.00382920  0.00579979  0.00000000  0
0.97103816  0.01924356  0.00381847  0.00589979  0.00000000  0
0.97094835  0.01924350  0.00380836  0.00599977  0.00000000  0
0.97086182  0.01924076  0.00379764  0.00609977  0.00000000  0
0.97077529  0.01923801  0.00378691  0.00619977  0.00000000  0
0.97068877  0.01923527  0.00377618  0.00629977  0.00000000  0
0.97059896  0.01923521  0.00376607  0.00639974  0.00000000  0
0.97051243  0.01923247  0.00375534  0.00649974  0.00000000  0
0.97042590  0.01922972  0.00374461  0.00659974  0.00000000  0
0.97033609  0.01922967  0.00373450  0.00669972  0.00000000  0
0.97024957  0.01922692  0.00372378  0.00679972  0.00000000  0
0.97016304  0.01922418  0.00371305  0.00689972  0.00000000  0
0.97007323  0.01922412  0.00370294  0.00699969  0.00000000  0
0.96998670  0.01922138  0.00369221  0.00709969  0.00000000  0
0.96990018  0.01921863  0.00368148  0.00719969  0.00000000  0
0.96981365  0.01921589  0.00367075  0.00729969  0.00000000  0
0.96972384  0.01921583  0.00366065  0.00739966  0.00000000  0
0.96963732  0.01921309  0.00364992  0.00749966  0.00000000  0
0.96955079  0.01921034  0.00363919  0.00759966  0.00000000  0
0.96946098  0.01921029  0.00362908  0.00769963  0.00000000  0
0.96937446  0.01920754  0.00361835  0.00779963  0.00000000  0
0.96928793  0.01920480  0.00360762  0.00789963  0.00000000  0
0.96920140  0.01920206  0.00359690  0.00799962  0.00000000  0
0.96911160  0.01920200  0.00358679  0.00809960  0.00000000  0
0.96902507  0.01919926  0.00357606  0.00819959  0.00000000  0
0.96893855  0.01919651  0.00356533  0.00829959  0.00000000  0
0.96884874  0.01919645  0.00355522  0.00839956  0.00000000  0
0.96876222  0.01919371  0.00354449  0.00849956  0.00000000  0
0.96867569  0.01919097  0.00353377  0.00859956  0.00000000  0
0.96858589  0.01919091  0.00352366  0.00869953  0.00000000  0
0.96849936  0.01918817  0.00351293  0.00879953  0.00000000  0
0.96841283  0.01918542  0.00350220  0.00889952  0.00000000  0
0.96832631  0.01918268  0.00349147  0.00899952  0.00000000  0
0.96823650  0.01918262  0.00348136  0.00909949  0.00000000  0
0.96814998  0.01917988  0.00347064  0.00919949  0.00000000  0
0.96806345  0.01917713  0.00345991  0.00929949  0.00000000  0
0.96797365  0.01917708  0.00344980  0.00939945  0.00000000  0
0.96788712  0.01917433  0.00343907  0.00949945  0.00000000  0
0.96780060  0.01917159  0.00342834  0.00959945  0.00000000  0
0.96771080  0.01917153  0.00341824  0.00969941  0.00000000  0
0.96762427  0.01916879  0.00340751  0.00979941  0.00000000  0
0.96753775  0.01916604  0.00339678  0.00989941  0.00000000  0
0.96745122  0.01916330  0.00338605  0.00999941  0.00000000  0
0.96736142  0.01916324  0.00337594  0.01009937  0.00000000  0
0.96727490  0.01916050  0.00336521  0.01019937  0.00000000  0
0.96718837  0.01915776  0.00335449  0.01029937  0.00000000  0
0.96709857  0.01915770  0.00334438  0.01039933  0.00000000  0
0.96701205  0.01915496  0.00333365  0.01049933  0.00000000  0
0.96692552  0.01915221  0.00332292  0.01059933  0.00000000  0
0.96683899  0.01914947  0.00331219  0.01069932  0.00000000  0
0.96674920  0.01914941  0.00330209  0.01079929  0.00000000  0
0.96666267  0.01914667  0.00329136  0.01089928  0.00000000  0
0.96657614  0.01914392  0.00328063  0.01099928  0.00000000  0
0.96648635  0.01914387  0.00327052  0.01109924  0.00000000  0
0.96639982  0.01914112  0.00325980  0.01119924  0.00000000  0
0.96631330  0.01913838  0.00324907  0.01129924  0.00000000  0
0.96622350  0.01913832  0.00323896  0.01139920  0.00000000  0
0.96613698  0.01913558  0.00322823  0.01149919  0.00000000  0
0.96605045  0.01913283  0.00321750  0.01159919  0.00000000  0
0.96596392  0.01913009  0.00320678  0.01169919  0.00000000  0
0.96587413  0.01913003  0.00319667  0.01179915  0.00000000  0
0.96578761  0.01912729  0.00318594  0.01189915  0.00000000  0
0.96570108  0.01912455  0.00317521  0.01199914  0.00000000  0
0.96561126  0.01912450  0.00316511  0.01209911  0.00000000  0
0.96552474  0.01912176  0.00315438  0.01219911  0.00000000  0
0.96543821  0.01911901  0.00314365  0.01229910  0.00000000  0
0.96534842  0.01911896  0.00313354  0.01239906  0.00000000  0
0.96526189  0.01911621  0.00312282  0.01249906  0.00000000  0
0.96517537  0.01911347  0.00311209  0.01259905  0.00000000  0
0.96508884  0.01911073  0.00310136  0.01269905  0.00000000  0
0.96499905  0.01911067  0.00309125  0.01279901  0.00000000  0
0.96491253  0.01910793  0.00308052  0.01289900  0.00000000  0
0.96482600  0.01910518  0.00306980  0.01299900  0.00000000  0
0.96473621  0.01910512  0.00305969  0.01309895  0.00000000  0
0.96464969  0.01910238  0.00304896  0.01319895  0.00000000  0
0.96456316  0.01909964  0.00303823  0.01329895  0.00000000  0
0.96447337  0.01909958  0.00302813  0.01339890  0.00000000  0
0.96438685  0.01909684  0.00301740  0.01349890  0.00000000  0
0.96430032  0.01909409  0.00300667  0.01359890  0.00000000  0
0.96421380  0.01909135  0.00299594  0.01369889  0.00000000  0
0.96412401  0.01909129  0.00298584  0.01379884  0.00000000  0
0.96403748  0.01908855  0.00297511  0.01389884  0.00000000  0
0.96395096  0.01908580  0.00296438  0.01399884  0.00000000  0
0.96386117  0.01908575  0.00295427  0.01409879  0.00000000  0
0.96377465  0.01908300  0.00294355  0.01419879  0.00000000  0
0.96368812  0.01908026  0.00293282  0.01429878  0.00000000  0
0.96360159  0.01907752  0.00292209  0.01439878  0.00000000  0
0.96351181  0.01907746  0.00291198  0.01449873  0.00000000  0
0.96342528  0.01907472  0.00290125  0.01459872  0.00000000  0
0.96333876  0.01907197  0.00289053  0.01469872  0.00000000  0
0.96324897  0.01907192  0.00288042  0.01479867  0.00000000  0
0.96316245  0.01906917  0.00286969  0.01489867  0.00000000  0
0.96307592  0.01906643  0.00285896  0.01499866  0.00000000  0
0.96298614  0.01906637  0.00284886  0.01509861  0.00000000  0
0.96289962  0.01906363  0.00283813  0.01519861  0.00000000  0
0.96281309  0.01906088  0.00282740  0.01529860  0.00000000  0
0.96272656  0.01905814  0.00281667  0.01539860  0.00000000  0
0.96263678  0.01905808  0.00280657  0.01549854  0.00000000  0
0.96255026  0.01905534  0.00279584  0.01559854  0.00000000  0
0.96246373  0.01905260  0.00278511  0.01569854  0.00000000  0
0.96237395  0.01905254  0.00277501  0.01579848  0.00000000  0
0.96228743  0.01904980  0.00276428  0.01589848  0.00000000  0
0.96220090  0.01904705  0.00275355  0.01599848  0.00000000  0
0.96211112  0.01904700  0.00274344  0.01609842  0.00000000  0
0.96202460  0.01904425  0.00273272  0.01619842  0.00000000  0
0.96193807  0.01904151  0.00272199  0.01629841  0.00000000  0
0.96185155  0.01903876  0.00271126  0.01639841  0.00000000  0
0.96176177  0.01903871  0.00270116  0.01649835  0.00000000  0
0.96167524  0.01903596  0.00269043  0.01659835  0.00000000  0
0.96158872  0.01903322  0.00267970  0.01669834  0.00000000  0
0.96149894  0.01903316  0.00266959  0.01679828  0.00000000  0
0.96141241  0.01903042  0.00265887  0.01689828  0.00000000  0
0.96132589  0.01902768  0.00264814  0.01699828  0.00000000  0
0.96123936  0.01902493  0.00263741  0.01709827  0.00000000  0
0.96114959  0.01902488  0.00262730  0.01719821  0.00000000  0
0.96106306  0.01902213  0.00261658  0.01729821  0.00000000  0
0.96097654  0.01901939  0.00260585  0.01739820  0.00000000  0
0.96088676  0.01901933  0.00259574  0.01749814  0.00000000  0
0.96080024  0.01901659  0.00258502  0.01759814  0.00000000  0
0.96071371  0.01901384  0.00257429  0.01769814  0.00000000  0
0.96062394  0.01901379  0.00256418  0.01779807  0.00000000  0
0.96053741  0.01901104  0.00255345  0.01789807  0.00000000  0
0.96045089  0.01900830  0.00254273  0.01799806  0.00000000  0
0.96036436  0.01900556  0.00253200  0.01809806  0.00000000  0
0.96027459  0.01900550  0.00252189  0.01819800  0.00000000  0
0.96018807  0.01900276  0.00251117  0.01829799  0.00000000  0
0.96010154  0.01900001  0.00250044  0.01839799  0.00000000  0
0.96001177  0.01899996  0.00249033  0.01849792  0.00000000  0
0.95992524  0.01899721  0.00247961  0.01859792  0.00000000  0
0.95983872  0.01899447  0.00246888  0.01869792  0.00000000  0
0.95974895  0.01899441  0.00245877  0.01879785  0.00000000  0
0.95966242  0.01899167  0.00244804  0.01889784  0.00000000  0
0.95957590  0.01898892  0.00243732  0.01899784  0.00000000  0
0.95948937  0.01898618  0.00242659  0.01909784  0.00000000  0
0.95939960  0.01898612  0.00241648  0.01919777  0.00000000  0
0.95931308  0.01898338  0.00240576  0.01929776  0.00000000  0
0.95922655  0.01898064  0.00239503  0.01939776  0.00000000  0
0.95913679  0.01898058  0.00238492  0.01949769  0.00000000  0
0.95905026  0.01897784  0.00237420  0.01959769  0.00000000  0
0.95896374  0.01897509  0.00236347  0.01969768  0.00000000  0
0.95887721  0.01897235  0.00235274  0.01979768  0.00000000  0
0.95878744  0.01897229  0.00234264  0.01989761  0.00000000  0
0.95870092  0.01896955  0.00233191  0.01999760  0.00000000  0
0.95861439  0.01896681  0.00232118  0.02009760  0.00000000  0
0.95852463  0.01896675  0.00231108  0.02019753  0.00000000  0
0.95843810  0.01896401  0.00230035  0.02029752  0.00000000  0
0.95835158  0.01896126  0.00228962  0.02039752  0.00000000  0
0.95826181  0.01896120  0.00227952  0.02049745  0.00000000  0
0.95817529  0.01895846  0.00226879  0.02059744  0.00000000  0
0.95808876  0.01895572  0.00225806  0.02069744  0.00000000  0
0.95800224  0.01895297  0.00224733  0.02079743  0.00000000  0
0.95791248  0.01895292  0.00223723  0.02089736  0.00000000  0
0.95782595  0.01895017  0.00222650  0.02099735  0.00000000  0
0.95773943  0.01894743  0.00221577  0.02109735  0.00000000  0
0.95764966  0.01894737  0.00220567  0.02119727  0.00000000  0
0.95756314  0.01894463  0.00219494  0.02129727  0.00000000  0
0.95747661  0.01894189  0.00218421  0.02139727  0.00000000  0
0.95738685  0.01894183  0.00217411  0.02149719  0.00000000  0
0.95730033  0.01893909  0.00216338  0.02159718  0.00000000  0
0.95721380  0.01893634  0.00215265  0.02169718  0.00000000  0
0.95712728  0.01893360  0.00214193  0.02179718  0.00000000  0
0.95703752  0.01893354  0.00213182  0.02189710  0.00000000  0
0.95695099  0.01893080  0.00212110  0.02199709  0.00000000  0
0.95686447  0.01892806  0.00211037  0.02209709  0.00000000  0
0.95677471  0.01892800  0.00210026  0.02219701  0.00000000  0
0.95668818  0.01892526  0.00208954  0.02229701  0.00000000  0
0.95660166  0.01892251  0.00207881  0.02239700  0.00000000  0
0.95651514  0.01891977  0.00206808  0.02249700  0.00000000  0
0.95642538  0.01891971  0.00205798  0.02259692  0.00000000  0
0.95633885  0.01891697  0.00204725  0.02269691  0.00000000  0
0.95625233  0.01891422  0.00203652  0.02279691  0.00000000  0
0.95616257  0.01891417  0.00202642  0.02289682  0.00000000  0
0.95607605  0.01891142  0.00201569  0.02299682  0.00000000  0
0.95598952  0.01890868  0.00200496  0.02309682  0.00000000  0
0.95589976  0.01890862  0.00199486  0.02319673  0.00000000  0
0.95581324  0.01890588  0.00198413  0.02329673  0.00000000  0
0.95572672  0.01890314  0.00197340  0.02339672  0.00000000  0
0.95564019  0.01890039  0.00196268  0.02349672  0.00000000  0
0.95555044  0.01890034  0.00195257  0.02359663  0.00000000  0
0.95546391  0.01889759  0.00194185  0.02369663  0.00000000  0
0.95537739  0.01889485  0.00193112  0.02379662  0.00000000  0
0.95528763  0.01889479  0.00192101  0.02389654  0.00000000  0
0.95520111  0.01889205  0.00191029  0.02399653  0.00000000  0
0.95511459  0.01888931  0.00189956  0.02409653  0.00000000  0
0.95502483  0.01888925  0.00188946  0.02419644  0.00000000  0
0.95493831  0.01888651  0.00187873  0.02429644  0.00000000  0
0.95485178  0.01888376  0.00186800  0.02439643  0.00000000  0
0.95476526  0.01888102  0.00185727  0.02449643  0.00000000  0
0.95467551  0.01888096  0.00184717  0.02459634  0.00000000  0
0.95458898  0.01887822  0.00183644  0.02469634  0.00000000  0
0.95450246  0.01887548  0.00182571  0.02479633  0.00000000  0
0.95441271  0.01887542  0.00181561  0.02489624  0.00000000  0
0.95432618  0.01887268  0.00180488  0.02499624  0.00000000  0
0.95423966  0.01886993  0.00179416  0.02509623  0.00000000  0
0.95415311  0.01886720  0.00178343  0.02519624  0.00000000  0
0.95406336  0.01886714  0.00177333  0.02529615  0.00000000  0
0.95397683  0.01886440  0.00176260  0.02539615  0.00000000  0
0.95389031  0.01886166  0.00175187  0.02549614  0.00000000  0
0.95380056  0.01886160  0.00174177  0.02559605  0.00000000  0
0.95371403  0.01885886  0.00173104  0.02569605  0.00000000  0
0.95362751  0.01885611  0.00172031  0.02579604  0.00000000  0
0.95353776  0.01885606  0.00171021  0.02589595  0.00000000  0
0.95345124  0.01885331  0.00169948  0.02599594  0.00000000  0
0.95336471  0.01885057  0.00168876  0.02609594  0.00000000  0
0.95327819  0.01884783  0.00167803  0.02619593  0.00000000  0
0.95318844  0.01884777  0.00166793  0.02629584  0.00000000  0
0.95310192  0.01884503  0.00165720  0.02639583  0.00000000  0
0.95301540  0.01884228  0.00164647  0.02649583  0.00000000  0
0.95292565  0.01884223  0.00163637  0.02659573  0.00000000  0
0.95283913  0.01883948  0.00162564  0.02669573  0.00000000  0
0.95275260  0.01883674  0.00161491  0.02679572  0.00000000  0
0.95266286  0.01883668  0.00160481  0.02689563  0.00000000  0
0.95257633  0.01883394  0.00159409  0.02699562  0.00000000  0
0.95248981  0.01883120  0.00158336  0.02709562  0.00000000  0
0.95240329  0.01882845  0.00157263  0.02719561  0.00000000  0
0.95231354  0.01882840  0.00156253  0.02729551  0.00000000  0
0.95222702  0.01882565  0.00155180  0.02739551  0.00000000  0
0.95214050  0.01882291  0.00154107  0.02749550  0.00000000  0
0.95205075  0.01882285  0.00153097  0.02759540  0.00000000  0
0.95196423  0.01882011  0.00152024  0.02769540  0.00000000  0
0.95187771  0.01881737  0.00150952  0.02779539  0.00000000  0
0.95179118  0.01881462  0.00149879  0.02789539  0.00000000  0
0.95170144  0.01881457  0.00148869  0.02799529  0.00000000  0
0.95161492  0.01881182  0.00147796  0.02809528  0.00000000  0
0.95152839  0.01880908  0.00146723  0.02819528  0.00000000  0
0.95143865  0.01880902  0.00145713  0.02829517  0.00000000  0
0.95135213  0.01880628  0.00144640  0.02839517  0.00000000  0
0.95126561  0.01880354  0.00143568  0.02849516  0.00000000  0
0.95117587  0.01880348  0.00142557  0.02859506  0.00000000  0
0.95108934  0.01880074  0.00141485  0.02869505  0.00000000  0
0.95100282  0.01879799  0.00140412  0.02879505  0.00000000  0
0.95091630  0.01879525  0.00139339  0.02889504  0.00000000  0
0.95082656  0.01879519  0.00138329  0.02899494  0.00000000  0
0.95074003  0.01879245  0.00137256  0.02909493  0.00000000  0
0.95065351  0.01878971  0.00136183  0.02919493  0.00000000  0
0.95056377  0.01878965  0.00135173  0.02929482  0.00000000  0
0.95047725  0.01878691  0.00134101  0.02939482  0.00000000  0
0.95039073  0.01878416  0.00133028  0.02949481  0.00000000  0
0.95030099  0.01878411  0.00132018  0.02959471  0.00000000  0
0.95021447  0.01878136  0.00130945  0.02969470  0.00000000  0
0.95012794  0.01877862  0.00129872  0.02979469  0.00000000  0
0.95004142  0.01877588  0.00128799  0.02989469  0.00000000  0
0.94995168  0.01877582  0.00127789  0.02999458  0.00000000  0
0.94986516  0.01877308  0.00126717  0.03009457  0.00000000  0
0.94977864  0.01877033  0.00125644  0.03019457  0.00000000  0
0.94968890  0.01877028  0.00124634  0.03029446  0.00000000  0
0.94960238  0.01876753  0.00123561  0.03039445  0.00000000  0
0.94951586  0.01876479  0.00122488  0.03049445  0.00000000  0
0.94942934  0.01876205  0.00121416  0.03059444  0.00000000  0
0.94933960  0.01876199  0.00120406  0.03069433  0.00000000  0
0.94925308  0.01875925  0.00119333  0.03079433  0.00000000  0
0.94916656  0.01875650  0.00118260  0.03089432  0.00000000  0
0.94907682  0.01875645  0.00117250  0.03099421  0.00000000  0
0.94899030  0.01875370  0.00116177  0.03109420  0.00000000  0
0.94890378  0.01875096  0.00115104  0.03119420  0.00000000  0
0.94881405  0.01875091  0.00114094  0.03129408  0.00000000  0
0.94872752  0.01874816  0.00113022  0.03139408  0.00000000  0
0.94864100  0.01874542  0.00111949  0.03149407  0.00000000  0
0.94855448  0.01874267  0.00110876  0.03159407  0.00000000  0
0.94846475  0.01874262  0.00109866  0.03169395  0.00000000  0
0.94837822  0.01873987  0.00108793  0.03179395  0.00000000  0
0.94829170  0.01873713  0.00107721  0.03189394  0.00000000  0
0.94820197  0.01873708  0.00106711  0.03199383  0.00000000  0
0.94811545  0.01873433  0.00105638  0.03209382  0.00000000  0
0.94802893  0.01873159  0.00104565  0.03219381  0.00000000  0
0.94793920  0.01873153  0.00103555  0.03229370  0.00000000  0
0.94785268  0.01872879  0.00102482  0.03239369  0.00000000  0
0.94776615  0.01872605  0.00101410  0.03249368  0.00000000  0
0.94767963  0.01872330  0.00100337  0.03259368  0.00000000  0
0.94758990  0.01872325  0.00099327  0.03269356  0.00000000  0
0.94750338  0.01872050  0.00098254  0.03279355  0.00000000  0
0.94741686  0.01871776  0.00097181  0.03289355  0.00000000  0
0.94732713  0.01871770  0.00096171  0.03299343  0.00000000  0
0.94724061  0.01871496  0.00095099  0.03309342  0.00000000  0
0.94715409  0.01871222  0.00094026  0.03319342  0.00000000  0
0.94706757  0.01870947  0.00092953  0.03329341  0.00000000  0
0.94697784  0.01870942  0.00091943  0.03339329  0.00000000  0
0.94689132  0.01870667  0.00090871  0.03349328  0.00000000  0
0.94680480  0.01870393  0.00089798  0.03359328  0.00000000  0
0.94671507  0.01870387  0.00088788  0.03369316  0.00000000  0
0.94662855  0.01870113  0.00087715  0.03379315  0.00000000  0
0.94654203  0.01869839  0.00086642  0.03389314  0.00000000  0
0.94645230  0.01869833  0.00085632  0.03399302  0.00000000  0
0.94636578  0.01869559  0.00084560  0.03409301  0.00000000  0
0.94627926  0.01869284  0.00083487  0.03419301  0.00000000  0
0.94619274  0.01869010  0.00082414  0.03429300  0.00000000  0
0.94610301  0.01869004  0.00081404  0.03439288  0.00000000  0
0.94601649  0.01868730  0.00080332  0.03449287  0.00000000  0
0.94592997  0.01868456  0.00079259  0.03459286  0.00000000  0
0.94584025  0.01868450  0.00078249  0.03469274  0.00000000  0
0.94575373  0.01868176  0.00077176  0.03479273  0.00000000  0
0.94566721  0.01867902  0.00076103  0.03489273  0.00000000  0
0.94557749  0.01867896  0.00075093  0.03499260  0.00000000  0
0.94549096  0.01867622  0.00074021  0.03509259  0.00000000  0
0.94540444  0.01867347  0.00072948  0.03519259  0.00000000  0
0.94531792  0.01867073  0.00071875  0.03529258  0.00000000  0
0.94522820  0.01867067  0.00070865  0.03539245  0.00000000  0
0.94514168  0.01866793  0.00069793  0.03549245  0.00000000  0
0.94505516  0.01866519  0.00068720  0.03559244  0.00000000  0
0.94496544  0.01866513  0.00067710  0.03569231  0.00000000  0
0.94487892  0.01866239  0.00066637  0.03579230  0.00000000  0
0.94479239  0.01865964  0.00065565  0.03589230  0.00000000  0
0.94470587  0.01865690  0.00064492  0.03599229  0.00000000  0
0.94461616  0.01865684  0.00063482  0.03609216  0.00000000  0
0.94452963  0.01865410  0.00062409  0.03619215  0.00000000  0
0.94444311  0.01865136  0.00061336  0.03629215  0.00000000  0
0.94435340  0.01865130  0.00060327  0.03639202  0.00000000  0
0.94426687  0.01864856  0.00059254  0.03649201  0.00000000  0
0.94418035  0.01864581  0.00058181  0.03659200  0.00000000  0
0.94409064  0.01864576  0.00057171  0.03669187  0.00000000  0
0.94400412  0.01864302  0.00056099  0.03679186  0.00000000  0
0.94391759  0.01864027  0.00055026  0.03689185  0.00000000  0
0.94383107  0.01863753  0.00053953  0.03699185  0.00000000  0
0.94374136  0.01863747  0.00052943  0.03709172  0.00000000  0
0.94365484  0.01863473  0.00051871  0.03719171  0.00000000  0
0.94356832  0.01863199  0.00050798  0.03729170  0.00000000  0
0.94347860  0.01863193  0.00049788  0.03739157  0.00000000  0
0.94339208  0.01862919  0.00048715  0.03749156  0.00000000  0
0.94330556  0.01862644  0.00047643  0.03759155  0.00000000  0
0.94321585  0.01862639  0.00046633  0.03769142  0.00000000  0
0.94312933  0.01862364  0.00045560  0.03779141  0.00000000  0
0.94304281  0.01862090  0.00044487  0.03789140  0.00000000  0
0.94295628  0.01861816  0.00043415  0.03799139  0.00000000  0
0.94286657  0.01861810  0.00042405  0.03809126  0.00000000  0
0.94278005  0.01861536  0.00041332  0.03819125  0.00000000  0
0.94269349  0.01861263  0.00040259  0.03829127  0.00000000  0
0.94260378  0.01861257  0.00039250  0.03839113  0.00000000  0
0.94251726  0.01860983  0.00038177  0.03849112  0.00000000  0
0.94243074  0.01860708  0.00037104  0.03859111  0.00000000  0
0.94234422  0.01860434  0.00036031  0.03869111  0.00000000  0
0.94225451  0.01860429  0.00035022  0.03879097  0.00000000  0
0.94216799  0.01860154  0.00033949  0.03889096  0.00000000  0
0.94208147  0.01859880  0.00032876  0.03899095  0.00000000  0
0.94199176  0.01859874  0.00031866  0.03909081  0.00000000  0
0.94190524  0.01859600  0.00030794  0.03919081  0.00000000  0
0.94181872  0.01859326  0.00029721  0.03929080  0.00000000  0
0.94172901  0.01859320  0.00028711  0.03939066  0.00000000  0
0.94164249  0.01859046  0.00027638  0.03949065  0.00000000  0
0.94155597  0.01858771  0.00026566  0.03959064  0.00000000  0
0.94146945  0.01858497  0.00025493  0.03969063  0.00000000  0
0.94137974  0.01858492  0.00024483  0.03979049  0.00000000  0
0.94129322  0.01858217  0.00023411  0.03989048  0.00000000  0
0.94120670  0.01857943  0.00022338  0.03999048  0.00000000  0
0.94111699  0.01857937  0.00021328  0.04009033  0.00000000  0
0.94103047  0.01857663  0.00020255  0.04019032  0.00000000  0
0.94094395  0.01857389  0.00019183  0.04029032  0.00000000  0
0.94085425  0.01857383  0.00018173  0.04039017  0.00000000  0
0.94076773  0.01857109  0.00017100  0.04049016  0.00000000  0
0.94068121  0.01856834  0.00016027  0.04059015  0.00000000  0
0.94059469  0.01856560  0.00014955  0.04069015  0.00000000  0
0.94050498  0.01856554  0.00013945  0.04079000  0.00000000  0
0.94041846  0.01856280  0.00012872  0.04088999  0.00000000  0
0.94033194  0.01856006  0.00011800  0.04098998  0.00000000  0
0.94024224  0.01856000  0.00010790  0.04108984  0.00000000  0
0.94015572  0.01855726  0.00009717  0.04118983  0.00000000  0
0.94006920  0.01855452  0.00008644  0.04128982  0.00000000  0
0.93997950  0.01855446  0.00007635  0.04138967  0.00000000  0
0.93989298  0.01855172  0.00006562  0.04148966  0.00000000  0
0.93980646  0.01854897  0.00005489  0.04158966  0.00000000  0
0.93971994  0.01854623  0.00004417  0.04168965  0.00000000  0
0.93963024  0.01854617  0.00003407  0.04178950  0.00000000  0
0.93954372  0.01854343  0.00002334  0.04188949  0.00000000  0
0.93945720  0.01854069  0.00001262  0.04198948  0.00000000  0
0.93936750  0.01854063  0.00000252  0.04208933  0.00000000  0
0.93926427  0.01853789  0.00000000  0.04218936  0.00000846  0
0.93915502  0.01853515  0.00000000  0.04228935  0.00002046  0
0.93904644  0.01853240  0.00000000  0.04238938  0.00003176  0
0.93893602  0.01853235  0.00000000  0.04248927  0.00004234  0
0.93882744  0.01852960  0.00000000  0.04258930  0.00005364  0
0.93871887  0.01852686  0.00000000  0.04268932  0.00006493  0
0.93860778  0.01852680  0.00000000  0.04278917  0.00007622  0
0.93849920  0.01852406  0.00000000  0.04288920  0.00008752  0
0.93839062  0.01852132  0.00000000  0.04298923  0.00009881  0
0.93828021  0.01852126  0.00000000  0.04308911  0.00010940  0
0.93817163  0.01851852  0.00000000  0.04318914  0.00012069  0
0.93806238  0.01851578  0.00000000  0.04328913  0.00013269  0
0.93795380  0.01851303  0.00000000  0.04338916  0.00014398  0
0.93784339  0.01851298  0.00000000  0.04348904  0.00015457  0
0.93773481  0.01851023  0.00000000  0.04358907  0.00016586  0
0.93762623  0.01850749  0.00000000  0.04368910  0.00017716  0
0.93751515  0.01850743  0.00000000  0.04378894  0.00018845  0
0.93740658  0.01850469  0.00000000  0.04388897  0.00019974  0
0.93729800  0.01850195  0.00000000  0.04398900  0.00021103  0
0.93718759  0.01850189  0.00000000  0.04408888  0.00022162  0
0.93707901  0.01849915  0.00000000  0.04418891  0.00023291  0
0.93697043  0.01849641  0.00000000  0.04428894  0.00024421  0
0.93686118  0.01849366  0.00000000  0.04438893  0.00025621  0
0.93675077  0.01849361  0.00000000  0.04448881  0.00026679  0
0.93664220  0.01849086  0.00000000  0.04458884  0.00027809  0
0.93653362  0.01848812  0.00000000  0.04468886  0.00028938  0
0.93642321  0.01848807  0.00000000  0.04478874  0.00029996  0
0.93631463  0.01848532  0.00000000  0.04488877  0.00031126  0
0.93620605  0.01848258  0.00000000  0.04498880  0.00032255  0
0.93609681  0.01847984  0.00000000  0.04508879  0.00033455  0
0.93598640  0.01847978  0.00000000  0.04518866  0.00034514  0
0.93587782  0.01847704  0.00000000  0.04528869  0.00035643  0
0.93576924  0.01847429  0.00000000  0.04538872  0.00036772  0
0.93565884  0.01847424  0.00000000  0.04548860  0.00037831  0
0.93555026  0.01847149  0.00000000  0.04558862  0.00038960  0
0.93544168  0.01846875  0.00000000  0.04568865  0.00040089  0
0.93533128  0.01846870  0.00000000  0.04578853  0.00041148  0
0.93522203  0.01846595  0.00000000  0.04588852  0.00042348  0
0.93511345  0.01846321  0.00000000  0.04598855  0.00043477  0
0.93500488  0.01846047  0.00000000  0.04608857  0.00044607  0
0.93489447  0.01846041  0.00000000  0.04618845  0.00045665  0
0.93478589  0.01845767  0.00000000  0.04628847  0.00046794  0
0.93467732  0.01845492  0.00000000  0.04638850  0.00047924  0
0.93456691  0.01845487  0.00000000  0.04648837  0.00048982  0
0.93445834  0.01845213  0.00000000  0.04658840  0.00050112  0
0.93434976  0.01844938  0.00000000  0.04668843  0.00051241  0
0.93423936  0.01844933  0.00000000  0.04678830  0.00052299  0
0.93413011  0.01844658  0.00000000  0.04688829  0.00053499  0
0.93402154  0.01844384  0.00000000  0.04698832  0.00054629  0
0.93391296  0.01844110  0.00000000  0.04708835  0.00055758  0
0.93380256  0.01844104  0.00000000  0.04718821  0.00056817  0
0.93369398  0.01843830  0.00000000  0.04728824  0.00057946  0
0.93358540  0.01843556  0.00000000  0.04738827  0.00059075  0
0.93347501  0.01843550  0.00000000  0.04748814  0.00060134  0
0.93336643  0.01843276  0.00000000  0.04758817  0.00061263  0
0.93325785  0.01843001  0.00000000  0.04768819  0.00062392  0
0.93314927  0.01842727  0.00000000  0.04778822  0.00063522  0
0.93303888  0.01842722  0.00000000  0.04788809  0.00064580  0
0.93293030  0.01842447  0.00000000  0.04798812  0.00065709  0
0.93282172  0.01842173  0.00000000  0.04808814  0.00066839  0
0.93271133  0.01842167  0.00000000  0.04818801  0.00067897  0
0.93260275  0.01841893  0.00000000  0.04828804  0.00069026  0
0.93249417  0.01841619  0.00000000  0.04838806  0.00070156  0
0.93238311  0.01841613  0.00000000  0.04848789  0.00071285  0
0.93227453  0.01841339  0.00000000  0.04858792  0.00072414  0
0.93216596  0.01841064  0.00000000  0.04868795  0.00073543  0
0.93205738  0.01840790  0.00000000  0.04878797  0.00074673  0
0.93194699  0.01840785  0.00000000  0.04888784  0.00075731  0
0.93183841  0.01840510  0.00000000  0.04898786  0.00076861  0
0.93172983  0.01840236  0.00000000  0.04908789  0.00077990  0
0.93161944  0.01840230  0.00000000  0.04918775  0.00079048  0
0.93151086  0.01839956  0.00000000  0.04928778  0.00080178  0
0.93140229  0.01839682  0.00000000  0.04938781  0.00081307  0
0.93129190  0.01839676  0.00000000  0.04948767  0.00082365  0
0.93118332  0.01839402  0.00000000  0.04958769  0.00083495  0
0.93107474  0.01839128  0.00000000  0.04968772  0.00084624  0
0.93096617  0.01838853  0.00000000  0.04978775  0.00085753  0
0.93085578  0.01838848  0.00000000  0.04988761  0.00086812  0
0.93074720  0.01838573  0.00000000  0.04998764  0.00087941  0
0.93063862  0.01838299  0.00000000  0.05008766  0.00089070  0
0.93052824  0.01838294  0.00000000  0.05018752  0.00090129  0
0.93041966  0.01838019  0.00000000  0.05028755  0.00091258  0
0.93031108  0.01837745  0.00000000  0.05038758  0.00092387  0
0.93020250  0.01837471  0.00000000  0.05048760  0.00093517  0
0.93009212  0.01837465  0.00000000  0.05058746  0.00094575  0
0.92998354  0.01837191  0.00000000  0.05068749  0.00095704  0
0.92987497  0.01836917  0.00000000  0.05078751  0.00096834  0
0.92976458  0.01836911  0.00000000  0.05088737  0.00097892  0
0.92965600  0.01836637  0.00000000  0.05098740  0.00099021  0
0.92954743  0.01836362  0.00000000  0.05108742  0.00100151  0
0.92943704  0.01836357  0.00000000  0.05118728  0.00101209  0
0.92932914  0.01836083  0.00000000  0.05128734  0.00102268  0
0.92922051  0.01835809  0.00000000  0.05138740  0.00103397  0
0.92911194  0.01835535  0.00000000  0.05148743  0.00104526  0
0.92900155  0.01835530  0.00000000  0.05158728  0.00105585  0
0.92889298  0.01835255  0.00000000  0.05168731  0.00106714  0
0.92878440  0.01834981  0.00000000  0.05178734  0.00107843  0
0.92867402  0.01834975  0.00000000  0.05188719  0.00108902  0
0.92856544  0.01834701  0.00000000  0.05198722  0.00110031  0
0.92845687  0.01834427  0.00000000  0.05208724  0.00111160  0
0.92834649  0.01834421  0.00000000  0.05218709  0.00112219  0
0.92823791  0.01834147  0.00000000  0.05228712  0.00113348  0
0.92812933  0.01833873  0.00000000  0.05238715  0.00114477  0
0.92802076  0.01833598  0.00000000  0.05248718  0.00115606  0
0.92791038  0.01833593  0.00000000  0.05258702  0.00116665  0
0.92780180  0.01833319  0.00000000  0.05268705  0.00117794  0
0.92769323  0.01833044  0.00000000  0.05278708  0.00118923  0
0.92758285  0.01833039  0.00000000  0.05288693  0.00119982  0
0.92747494  0.01832764  0.00000000  0.05298699  0.00121040  0
0.92736637  0.01832490  0.00000000  0.05308702  0.00122170  0
0.92725779  0.01832216  0.00000000  0.05318704  0.00123299  0
0.92714741  0.01832210  0.00000000  0.05328689  0.00124357  0
0.92703884  0.01831936  0.00000000  0.05338692  0.00125487  0
0.92693026  0.01831662  0.00000000  0.05348695  0.00126616  0
0.92681989  0.01831656  0.00000000  0.05358679  0.00127674  0
0.92671131  0.01831382  0.00000000  0.05368682  0.00128803  0
0.92660273  0.01831107  0.00000000  0.05378684  0.00129933  0
0.92649236  0.01831102  0.00000000  0.05388669  0.00130991  0
0.92638445  0.01830828  0.00000000  0.05398675  0.00132050  0
0.92627588  0.01830553  0.00000000  0.05408678  0.00133179  0
0.92616730  0.01830279  0.00000000  0.05418681  0.00134308  0
0.92605693  0.01830274  0.00000000  0.05428665  0.00135367  0
0.92594835  0.01829999  0.00000000  0.05438668  0.00136496  0
0.92583978  0.01829725  0.00000000  0.05448670  0.00137625  0
0.92572941  0.01829719  0.00000000  0.05458654  0.00138683  0
0.92562083  0.01829445  0.00000000  0.05468657  0.00139813  0
0.92551292  0.01829171  0.00000000  0.05478663  0.00140871  0
0.92540256  0.01829165  0.00000000  0.05488648  0.00141930  0
0.92529398  0.01828891  0.00000000  0.05498650  0.00143059  0
0.92518540  0.01828617  0.00000000  0.05508653  0.00144188  0
0.92507683  0.01828342  0.00000000  0.05518655  0.00145317  0
0.92496646  0.01828337  0.00000000  0.05528639  0.00146376  0
0.92485788  0.01828062  0.00000000  0.05538642  0.00147505  0
0.92474998  0.01827788  0.00000000  0.05548648  0.00148564  0
0.92463961  0.01827783  0.00000000  0.05558632  0.00149622  0
0.92453104  0.01827508  0.00000000  0.05568635  0.00150751  0
0.92442246  0.01827234  0.00000000  0.05578638  0.00151880  0
0.92431388  0.01826960  0.00000000  0.05588640  0.00153010  0
0.92420352  0.01826954  0.00000000  0.05598624  0.00154068  0
0.92409494  0.01826680  0.00000000  0.05608627  0.00155197  0
0.92398704  0.01826406  0.00000000  0.05618633  0.00156256  0
0.92387667  0.01826400  0.00000000  0.05628617  0.00157314  0
0.92376810  0.01826126  0.00000000  0.05638619  0.00158443  0
0.92365952  0.01825851  0.00000000  0.05648622  0.00159573  0
0.92354916  0.01825846  0.00000000  0.05658605  0.00160631  0
0.92344058  0.01825572  0.00000000  0.05668608  0.00161760  0
0.92333268  0.01825297  0.00000000  0.05678614  0.00162819  0
0.92322410  0.01825023  0.00000000  0.05688617  0.00163948  0
0.92311374  0.01825018  0.00000000  0.05698600  0.00165006  0
0.92300516  0.01824743  0.00000000  0.05708603  0.00166136  0
0.92289659  0.01824469  0.00000000  0.05718605  0.00167265  0
0.92278690  0.01824464  0.00000000  0.05728592  0.00168252  0
0.92267832  0.01824189  0.00000000  0.05738595  0.00169382  0
0.92256975  0.01823915  0.00000000  0.05748598  0.00170511  0
0.92245939  0.01823909  0.00000000  0.05758581  0.00171569  0
0.92235081  0.01823635  0.00000000  0.05768583  0.00172698  0
0.92224291  0.01823361  0.00000000  0.05778590  0.00173757  0
0.92213433  0.01823086  0.00000000  0.05788592  0.00174886  0
0.92202397  0.01823081  0.00000000  0.05798575  0.00175944  0
0.92191540  0.01822807  0.00000000  0.05808578  0.00177074  0
0.92180749  0.01822532  0.00000000  0.05818584  0.00178132  0
0.92169714  0.01822527  0.00000000  0.05828567  0.00179191  0
0.92158856  0.01822253  0.00000000  0.05838569  0.00180320  0
0.92147999  0.01821978  0.00000000  0.05848572  0.00181449  0
0.92137141  0.01821704  0.00000000  0.05858575  0.00182578  0
0.92126173  0.01821698  0.00000000  0.05868561  0.00183566  0
0.92115315  0.01821424  0.00000000  0.05878564  0.00184695  0
0.92104458  0.01821150  0.00000000  0.05888566  0.00185824  0
0.92093422  0.01821144  0.00000000  0.05898549  0.00186883  0
0.92082632  0.01820870  0.00000000  0.05908555  0.00187941  0
0.92071774  0.01820596  0.00000000  0.05918558  0.00189071  0
0.92060739  0.01820590  0.00000000  0.05928540  0.00190129  0
0.92049881  0.01820316  0.00000000  0.05938543  0.00191258  0
0.92039091  0.01820042  0.00000000  0.05948549  0.00192317  0
0.92028233  0.01819767  0.00000000  0.05958552  0.00193446  0
0.92017198  0.01819762  0.00000000  0.05968534  0.00194504  0
0.92006341  0.01819488  0.00000000  0.05978537  0.00195633  0
0.91995550  0.01819213  0.00000000  0.05988543  0.00196692  0
0.91984515  0.01819208  0.00000000  0.05998525  0.00197750  0
0.91973658  0.01818933  0.00000000  0.06008528  0.00198879  0
0.91962800  0.01818659  0.00000000  0.06018530  0.00200008  0
0.91951832  0.01818654  0.00000000  0.06028516  0.00200996  0
0.91940975  0.01818379  0.00000000  0.06038519  0.00202125  0
0.91930117  0.01818105  0.00000000  0.06048521  0.00203254  0
0.91919260  0.01817831  0.00000000  0.06058524  0.00204384  0
0.91908292  0.01817825  0.00000000  0.06068509  0.00205371  0
0.91897435  0.01817551  0.00000000  0.06078512  0.00206500  0
0.91886577  0.01817277  0.00000000  0.06088515  0.00207630  0
0.91875609  0.01817271  0.00000000  0.06098500  0.00208617  0
0.91864752  0.01816997  0.00000000  0.06108503  0.00209746  0
0.91853895  0.01816723  0.00000000  0.06118505  0.00210876  0
0.91843037  0.01816448  0.00000000  0.06128508  0.00212005  0
0.91832070  0.01816443  0.00000000  0.06138493  0.00212992  0
0.91821212  0.01816168  0.00000000  0.06148496  0.00214122  0
0.91810355  0.01815894  0.00000000  0.06158498  0.00215251  0
0.91799387  0.01815889  0.00000000  0.06168484  0.00216238  0
0.91788530  0.01815614  0.00000000  0.06178486  0.00217368  0
0.91777672  0.01815340  0.00000000  0.06188489  0.00218497  0
0.91766705  0.01815335  0.00000000  0.06198474  0.00219484  0
0.91755848  0.01815060  0.00000000  0.06208476  0.00220613  0
0.91744990  0.01814786  0.00000000  0.06218479  0.00221743  0
0.91734200  0.01814512  0.00000000  0.06228485  0.00222801  0
0.91723166  0.01814506  0.00000000  0.06238467  0.00223859  0
0.91712308  0.01814232  0.00000000  0.06248469  0.00224989  0
0.91701518  0.01813958  0.00000000  0.06258475  0.00226047  0
0.91690484  0.01813952  0.00000000  0.06268457  0.00227105  0
0.91679626  0.01813678  0.00000000  0.06278459  0.00228235  0
0.91668769  0.01813404  0.00000000  0.06288462  0.00229364  0
0.91657802  0.01813398  0.00000000  0.06298447  0.00230351  0
0.91646945  0.01813124  0.00000000  0.06308449  0.00231480  0
0.91636087  0.01812849  0.00000000  0.06318452  0.00232610  0
0.91625297  0.01812575  0.00000000  0.06328458  0.00233668  0
0.91614263  0.01812570  0.00000000  0.06338439  0.00234726  0
0.91603473  0.01812295  0.00000000  0.06348445  0.00235785  0
0.91592615  0.01812021  0.00000000  0.06358447  0.00236914  0
0.91581582  0.01812016  0.00000000  0.06368428  0.00237972  0
0.91570791  0.01811741  0.00000000  0.06378435  0.00239031  0
0.91559934  0.01811467  0.00000000  0.06388437  0.00240160  0
0.91549076  0.01811193  0.00000000  0.06398440  0.00241289  0
0.91538110  0.01811187  0.00000000  0.06408424  0.00242277  0
0.91527252  0.01810913  0.00000000  0.06418427  0.00243406  0
0.91516395  0.01810639  0.00000000  0.06428429  0.00244535  0
0.91505429  0.01810633  0.00000000  0.06438413  0.00245523  0
0.91494566  0.01810360  0.00000000  0.06448420  0.00246652  0
0.91483708  0.01810086  0.00000000  0.06458423  0.00247781  0
0.91472742  0.01810080  0.00000000  0.06468407  0.00248768  0
0.91461885  0.01809806  0.00000000  0.06478409  0.00249898  0
0.91451094  0.01809532  0.00000000  0.06488416  0.00250956  0
0.91440237  0.01809257  0.00000000  0.06498418  0.00252086  0
0.91429204  0.01809252  0.00000000  0.06508399  0.00253144  0
0.91418413  0.01808978  0.00000000  0.06518405  0.00254202  0
0.91407556  0.01808703  0.00000000  0.06528407  0.00255331  0
0.91396590  0.01808698  0.00000000  0.06538391  0.00256319  0
0.91385733  0.01808424  0.00000000  0.06548394  0.00257448  0
0.91374875  0.01808149  0.00000000  0.06558396  0.00258577  0
0.91363909  0.01808144  0.00000000  0.06568380  0.00259565  0
0.91353052  0.01807870  0.00000000  0.06578383  0.00260694  0
0.91342262  0.01807595  0.00000000  0.06588389  0.00261752  0
0.91331404  0.01807321  0.00000000  0.06598391  0.00262882  0
0.91320372  0.01807316  0.00000000  0.06608371  0.00263940  0
0.91309581  0.01807041  0.00000000  0.06618377  0.00264998  0
0.91298724  0.01806767  0.00000000  0.06628380  0.00266127  0
0.91287758  0.01806762  0.00000000  0.06638364  0.00267115  0
0.91276901  0.01806487  0.00000000  0.06648366  0.00268244  0
0.91266043  0.01806213  0.00000000  0.06658368  0.00269373  0
0.91255253  0.01805939  0.00000000  0.06668375  0.00270432  0
0.91244221  0.01805933  0.00000000  0.06678354  0.00271490  0
0.91233430  0.01805659  0.00000000  0.06688361  0.00272548  0
0.91222573  0.01805385  0.00000000  0.06698363  0.00273678  0
0.91211608  0.01805379  0.00000000  0.06708346  0.00274665  0
0.91200750  0.01805105  0.00000000  0.06718349  0.00275794  0
0.91189893  0.01804831  0.00000000  0.06728351  0.00276923  0
0.91178928  0.01804825  0.00000000  0.06738335  0.00277911  0
0.91168070  0.01804551  0.00000000  0.06748337  0.00279040  0
0.91157280  0.01804277  0.00000000  0.06758343  0.00280098  0
0.91146423  0.01804002  0.00000000  0.06768345  0.00281228  0
0.91135458  0.01803997  0.00000000  0.06778329  0.00282215  0
0.91124600  0.01803723  0.00000000  0.06788331  0.00283344  0
0.91113810  0.01803448  0.00000000  0.06798337  0.00284403  0
0.91102778  0.01803443  0.00000000  0.06808317  0.00285461  0
0.91091921  0.01803168  0.00000000  0.06818319  0.00286590  0
0.91081130  0.01802894  0.00000000  0.06828325  0.00287648  0
0.91070099  0.01802889  0.00000000  0.06838304  0.00288706  0
0.91059308  0.01802614  0.00000000  0.06848310  0.00289765  0
0.91048451  0.01802340  0.00000000  0.06858313  0.00290894  0
0.91037660  0.01802066  0.00000000  0.06868319  0.00291953  0
0.91026629  0.01802060  0.00000000  0.06878298  0.00293011  0
0.91015838  0.01801786  0.00000000  0.06888304  0.00294069  0
0.91004981  0.01801512  0.00000000  0.06898307  0.00295198  0
0.90994017  0.01801506  0.00000000  0.06908289  0.00296186  0
0.90983159  0.01801232  0.00000000  0.06918292  0.00297315  0
0.90972369  0.01800958  0.00000000  0.06928298  0.00298373  0
0.90961512  0.01800683  0.00000000  0.06938300  0.00299503  0
0.90950480  0.01800678  0.00000000  0.06948279  0.00300560  0
0.90939690  0.01800404  0.00000000  0.06958285  0.00301619  0
0.90928833  0.01800129  0.00000000  0.06968287  0.00302748  0
0.90917868  0.01800124  0.00000000  0.06978270  0.00303735  0
0.90907011  0.01799850  0.00000000  0.06988272  0.00304865  0
0.90896221  0.01799575  0.00000000  0.06998278  0.00305923  0
0.90885190  0.01799570  0.00000000  0.07008257  0.00306981  0
0.90874399  0.01799296  0.00000000  0.07018263  0.00308040  0
0.90863542  0.01799021  0.00000000  0.07028265  0.00309169  0
0.90852752  0.01798747  0.00000000  0.07038272  0.00310228  0
0.90841721  0.01798742  0.00000000  0.07048250  0.00311285  0
0.90830930  0.01798467  0.00000000  0.07058256  0.00312344  0
0.90820073  0.01798193  0.00000000  0.07068259  0.00313473  0
0.90809109  0.01798188  0.00000000  0.07078241  0.00314460  0
0.90798252  0.01797913  0.00000000  0.07088243  0.00315589  0
0.90787462  0.01797639  0.00000000  0.07098249  0.00316648  0
0.90776431  0.01797634  0.00000000  0.07108227  0.00317706  0
0.90765641  0.01797359  0.00000000  0.07118233  0.00318764  0
0.90754850  0.01797085  0.00000000  0.07128239  0.00319823  0
0.90743993  0.01796811  0.00000000  0.07138242  0.00320952  0
0.90733030  0.01796805  0.00000000  0.07148224  0.00321939  0
0.90722172  0.01796531  0.00000000  0.07158226  0.00323069  0
0.90711382  0.01796257  0.00000000  0.07168232  0.00324127  0
0.90700352  0.01796251  0.00000000  0.07178210  0.00325185  0
0.90689561  0.01795977  0.00000000  0.07188216  0.00326244  0
0.90678704  0.01795703  0.00000000  0.07198218  0.00327373  0
0.90667741  0.01795697  0.00000000  0.07208200  0.00328360  0
0.90656883  0.01795423  0.00000000  0.07218202  0.00329489  0
0.90646093  0.01795149  0.00000000  0.07228208  0.00330548  0
0.90635236  0.01794875  0.00000000  0.07238211  0.00331677  0
0.90624273  0.01794869  0.00000000  0.07248192  0.00332664  0
0.90613482  0.01794595  0.00000000  0.07258198  0.00333723  0
0.90602625  0.01794321  0.00000000  0.07268201  0.00334852  0
0.90591662  0.01794315  0.00000000  0.07278182  0.00335839  0
0.90580805  0.01794041  0.00000000  0.07288184  0.00336968  0
0.90570014  0.01793767  0.00000000  0.07298190  0.00338027  0
0.90559157  0.01793492  0.00000000  0.07308193  0.00339156  0
0.90548194  0.01793487  0.00000000  0.07318174  0.00340143  0
0.90537337  0.01793213  0.00000000  0.07328176  0.00341272  0
0.90526547  0.01792938  0.00000000  0.07338182  0.00342331  0
0.90515584  0.01792933  0.00000000  0.07348163  0.00343318  0
0.90504727  0.01792659  0.00000000  0.07358166  0.00344447  0
0.90493936  0.01792384  0.00000000  0.07368172  0.00345506  0
0.90482907  0.01792379  0.00000000  0.07378149  0.00346563  0
0.90472117  0.01792105  0.00000000  0.07388155  0.00347622  0
0.90461259  0.01791830  0.00000000  0.07398157  0.00348751  0
0.90450469  0.01791556  0.00000000  0.07408163  0.00349810  0
0.90439506  0.01791551  0.00000000  0.07418144  0.00350797  0
0.90428649  0.01791276  0.00000000  0.07428146  0.00351926  0
0.90417859  0.01791002  0.00000000  0.07438152  0.00352985  0
0.90406830  0.01790997  0.00000000  0.07448130  0.00354042  0
0.90396039  0.01790722  0.00000000  0.07458136  0.00355101  0
0.90385249  0.01790448  0.00000000  0.07468141  0.00356160  0
0.90374220  0.01790443  0.00000000  0.07478118  0.00357217  0
0.90363430  0.01790168  0.00000000  0.07488124  0.00358276  0
0.90352572  0.01789894  0.00000000  0.07498127  0.00359405  0
0.90341782  0.01789620  0.00000000  0.07508133  0.00360464  0
0.90330820  0.01789614  0.00000000  0.07518113  0.00361450  0
0.90319963  0.01789340  0.00000000  0.07528115  0.00362580  0
0.90309172  0.01789066  0.00000000  0.07538121  0.00363638  0
0.90298144  0.01789060  0.00000000  0.07548098  0.00364696  0
0.90287353  0.01788786  0.00000000  0.07558104  0.00365754  0
0.90276563  0.01788512  0.00000000  0.07568110  0.00366813  0
0.90265706  0.01788237  0.00000000  0.07578112  0.00367942  0
0.90254744  0.01788232  0.00000000  0.07588093  0.00368929  0
0.90243887  0.01787958  0.00000000  0.07598095  0.00370058  0
0.90233097  0.01787684  0.00000000  0.07608101  0.00371117  0
0.90222135  0.01787678  0.00000000  0.07618081  0.00372104  0
0.90211278  0.01787404  0.00000000  0.07628083  0.00373233  0
0.90200487  0.01787130  0.00000000  0.07638089  0.00374292  0
0.90189526  0.01787124  0.00000000  0.07648069  0.00375279  0
0.90178669  0.01786850  0.00000000  0.07658072  0.00376408  0
0.90167878  0.01786576  0.00000000  0.07668077  0.00377467  0
0.90157088  0.01786301  0.00000000  0.07678083  0.00378525  0
0.90146060  0.01786296  0.00000000  0.07688060  0.00379583  0
0.90135269  0.01786022  0.00000000  0.07698066  0.00380641  0
0.90124412  0.01785747  0.00000000  0.07708068  0.00381771  0
0.90113451  0.01785742  0.00000000  0.07718048  0.00382757  0
0.90102661  0.01785468  0.00000000  0.07728054  0.00383816  0
0.90091804  0.01785193  0.00000000  0.07738056  0.00384945  0
0.90080836  0.01785189  0.00000000  0.07748041  0.00385932  0
0.90070046  0.01784915  0.00000000  0.07758047  0.00386991  0
0.90059188  0.01784641  0.00000000  0.07768049  0.00388120  0
0.90048398  0.01784366  0.00000000  0.07778055  0.00389179  0
0.90037437  0.01784361  0.00000000  0.07788034  0.00390166  0
0.90026580  0.01784087  0.00000000  0.07798037  0.00391295  0
0.90015790  0.01783812  0.00000000  0.07808042  0.00392354  0
0.90004829  0.01783807  0.00000000  0.07818022  0.00393340  0
0.89993972  0.01783533  0.00000000  0.07828024  0.00394470  0
0.89983181  0.01783258  0.00000000  0.07838030  0.00395528  0
0.89972391  0.01782984  0.00000000  0.07848036  0.00396587  0
0.89961363  0.01782979  0.00000000  0.07858012  0.00397644  0
0.89950573  0.01782704  0.00000000  0.07868018  0.00398703  0
0.89939783  0.01782430  0.00000000  0.07878023  0.00399762  0
0.89928755  0.01782425  0.00000000  0.07887999  0.00400819  0
0.89917965  0.01782151  0.00000000  0.07898005  0.00401877  0
0.89907175  0.01781876  0.00000000  0.07908011  0.00402936  0
0.89896148  0.01781871  0.00000000  0.07917986  0.00403993  0
0.89885357  0.01781597  0.00000000  0.07927992  0.00405052  0
0.89874567  0.01781322  0.00000000  0.07937998  0.00406111  0
0.89863777  0.01781048  0.00000000  0.07948004  0.00407169  0
0.89852750  0.01781043  0.00000000  0.07957979  0.00408227  0
0.89841959  0.01780768  0.00000000  0.07967985  0.00409285  0
0.89831169  0.01780494  0.00000000  0.07977991  0.00410344  0
0.89820142  0.01780489  0.00000000  0.07987966  0.00411401  0
0.89809352  0.01780214  0.00000000  0.07997972  0.00412460  0
0.89798561  0.01779940  0.00000000  0.08007978  0.00413519  0
0.89787534  0.01779935  0.00000000  0.08017953  0.00414576  0
0.89776744  0.01779660  0.00000000  0.08027959  0.00415635  0
0.89765954  0.01779386  0.00000000  0.08037965  0.00416693  0
0.89755164  0.01779112  0.00000000  0.08047971  0.00417752  0
0.89744137  0.01779107  0.00000000  0.08057945  0.00418809  0
0.89733347  0.01778832  0.00000000  0.08067951  0.00419868  0
0.89722557  0.01778558  0.00000000  0.08077957  0.00420926  0
0.89711530  0.01778553  0.00000000  0.08087932  0.00421984  0
0.89700740  0.01778278  0.00000000  0.08097938  0.00423042  0
0.89689949  0.01778004  0.00000000  0.08107944  0.00424101  0
0.89679159  0.01777730  0.00000000  0.08117950  0.00425160  0
0.89668133  0.01777724  0.00000000  0.08127924  0.00426217  0
0.89657342  0.01777450  0.00000000  0.08137930  0.00427276  0
0.89646552  0.01777176  0.00000000  0.08147936  0.00428334  0
0.89635526  0.01777170  0.00000000  0.08157910  0.00429391  0
0.89624736  0.01776896  0.00000000  0.08167916  0.00430450  0
0.89613945  0.01776622  0.00000000  0.08177922  0.00431509  0
0.89602986  0.01776617  0.00000000  0.08187900  0.00432495  0
0.89592129  0.01776342  0.00000000  0.08197902  0.00433625  0
0.89581339  0.01776068  0.00000000  0.08207908  0.00434683  0
0.89570548  0.01775794  0.00000000  0.08217914  0.00435742  0
0.89559589  0.01775788  0.00000000  0.08227892  0.00436728  0
0.89548732  0.01775514  0.00000000  0.08237894  0.00437858  0
0.89537942  0.01775240  0.00000000  0.08247900  0.00438916  0
0.89526983  0.01775234  0.00000000  0.08257878  0.00439903  0
0.89516192  0.01774960  0.00000000  0.08267884  0.00440962  0
0.89505335  0.01774686  0.00000000  0.08277886  0.00442091  0
0.89494376  0.01774680  0.00000000  0.08287864  0.00443077  0
0.89483586  0.01774406  0.00000000  0.08297870  0.00444136  0
0.89472796  0.01774132  0.00000000  0.08307875  0.00445195  0
0.89462006  0.01773858  0.00000000  0.08317881  0.00446253  0
0.89450980  0.01773852  0.00000000  0.08327855  0.00447311  0
0.89440190  0.01773578  0.00000000  0.08337861  0.00448369  0
0.89429400  0.01773304  0.00000000  0.08347867  0.00449428  0
0.89418441  0.01773298  0.00000000  0.08357844  0.00450414  0
0.89407584  0.01773024  0.00000000  0.08367846  0.00451544  0
0.89396794  0.01772750  0.00000000  0.08377852  0.00452602  0
0.89386004  0.01772475  0.00000000  0.08387858  0.00453661  0
0.89375045  0.01772470  0.00000000  0.08397835  0.00454647  0
0.89364188  0.01772196  0.00000000  0.08407838  0.00455777  0
0.89353398  0.01771922  0.00000000  0.08417843  0.00456835  0
0.89342439  0.01771916  0.00000000  0.08427821  0.00457822  0
0.89331649  0.01771642  0.00000000  0.08437826  0.00458881  0
0.89320859  0.01771368  0.00000000  0.08447832  0.00459939  0
0.89309834  0.01771362  0.00000000  0.08457806  0.00460996  0
0.89299044  0.01771088  0.00000000  0.08467811  0.00462055  0
0.89288253  0.01770814  0.00000000  0.08477817  0.00463114  0
0.89277463  0.01770539  0.00000000  0.08487823  0.00464172  0
0.89266505  0.01770534  0.00000000  0.08497800  0.00465159  0
0.89255648  0.01770260  0.00000000  0.08507802  0.00466288  0
0.89244858  0.01769986  0.00000000  0.08517808  0.00467347  0
0.89233900  0.01769980  0.00000000  0.08527785  0.00468333  0
0.89223110  0.01769706  0.00000000  0.08537791  0.00469392  0
0.89212319  0.01769432  0.00000000  0.08547796  0.00470450  0
0.89201295  0.01769426  0.00000000  0.08557770  0.00471507  0
0.89190505  0.01769152  0.00000000  0.08567775  0.00472566  0
0.89179714  0.01768878  0.00000000  0.08577781  0.00473625  0
0.89168924  0.01768603  0.00000000  0.08587787  0.00474683  0
0.89157966  0.01768598  0.00000000  0.08597764  0.00475670  0
0.89147109  0.01768324  0.00000000  0.08607766  0.00476799  0
0.89136319  0.01768050  0.00000000  0.08617771  0.00477858  0
0.89125362  0.01768044  0.00000000  0.08627748  0.00478844  0
0.89114571  0.01767770  0.00000000  0.08637754  0.00479903  0
0.89103781  0.01767496  0.00000000  0.08647759  0.00480961  0
0.89092991  0.01767221  0.00000000  0.08657765  0.00482020  0
0.89081967  0.01767216  0.00000000  0.08667738  0.00483077  0
0.89071177  0.01766942  0.00000000  0.08677744  0.00484136  0
0.89060387  0.01766667  0.00000000  0.08687749  0.00485194  0
0.89049429  0.01766662  0.00000000  0.08697726  0.00486181  0
0.89038639  0.01766388  0.00000000  0.08707732  0.00487240  0
0.89027849  0.01766114  0.00000000  0.08717737  0.00488298  0
0.89016825  0.01766108  0.00000000  0.08727710  0.00489355  0
0.89006035  0.01765834  0.00000000  0.08737716  0.00490414  0
0.88995245  0.01765560  0.00000000  0.08747721  0.00491472  0
0.88984455  0.01765285  0.00000000  0.08757727  0.00492531  0
0.88973497  0.01765280  0.00000000  0.08767703  0.00493518  0
0.88962707  0.01765006  0.00000000  0.08777709  0.00494576  0
0.88951917  0.01764732  0.00000000  0.08787715  0.00495635  0
0.88940893  0.01764726  0.00000000  0.08797687  0.00496692  0
0.88930103  0.01764452  0.00000000  0.08807692  0.00497750  0
0.88919313  0.01764178  0.00000000  0.08817698  0.00498809  0
0.88908356  0.01764172  0.00000000  0.08827674  0.00499795  0
0.88897566  0.01763898  0.00000000  0.08837680  0.00500854  0
0.88886776  0.01763624  0.00000000  0.08847686  0.00501913  0
0.88875986  0.01763350  0.00000000  0.08857691  0.00502971  0
0.88864962  0.01763344  0.00000000  0.08867663  0.00504028  0
0.88854172  0.01763070  0.00000000  0.08877669  0.00505087  0
0.88843382  0.01762796  0.00000000  0.08887675  0.00506146  0
0.88832425  0.01762790  0.00000000  0.08897650  0.00507132  0
0.88821635  0.01762516  0.00000000  0.08907656  0.00508191  0
0.88810845  0.01762242  0.00000000  0.08917662  0.00509249  0
0.88800055  0.01761967  0.00000000  0.08927667  0.00510308  0
0.88789032  0.01761962  0.00000000  0.08937639  0.00511365  0
0.88778242  0.01761688  0.00000000  0.08947645  0.00512423  0
0.88767452  0.01761414  0.00000000  0.08957651  0.00513482  0
0.88756495  0.01761408  0.00000000  0.08967626  0.00514468  0
0.88745705  0.01761134  0.00000000  0.08977632  0.00515527  0
0.88734915  0.01760860  0.00000000  0.08987637  0.00516586  0
0.88723959  0.01760855  0.00000000  0.08997613  0.00517572  0
0.88713169  0.01760580  0.00000000  0.09007618  0.00518631  0
0.88702379  0.01760306  0.00000000  0.09017624  0.00519689  0
0.88691522  0.01760032  0.00000000  0.09027626  0.00520818  0
0.88680566  0.01760026  0.00000000  0.09037601  0.00521805  0
0.88669776  0.01759752  0.00000000  0.09047607  0.00522863  0
0.88658978  0.01759479  0.00000000  0.09057618  0.00523922  0
0.88648022  0.01759474  0.00000000  0.09067593  0.00524909  0
0.88637232  0.01759199  0.00000000  0.09077599  0.00525967  0
0.88626442  0.01758925  0.00000000  0.09087605  0.00527026  0
0.88615486  0.01758920  0.00000000  0.09097580  0.00528012  0
0.88604696  0.01758646  0.00000000  0.09107585  0.00529071  0
0.88593906  0.01758371  0.00000000  0.09117591  0.00530130  0
0.88583116  0.01758097  0.00000000  0.09127597  0.00531188  0
0.88572094  0.01758092  0.00000000  0.09137568  0.00532245  0
0.88561304  0.01757817  0.00000000  0.09147573  0.00533304  0
0.88550514  0.01757543  0.00000000  0.09157579  0.00534362  0
0.88539558  0.01757538  0.00000000  0.09167554  0.00535349  0
0.88528768  0.01757264  0.00000000  0.09177559  0.00536407  0
0.88517978  0.01756989  0.00000000  0.09187565  0.00537466  0
0.88507188  0.01756715  0.00000000  0.09197571  0.00538524  0
0.88496232  0.01756710  0.00000000  0.09207545  0.00539511  0
0.88485442  0.01756435  0.00000000  0.09217551  0.00540569  0
0.88474652  0.01756161  0.00000000  0.09227556  0.00541628  0
0.88463697  0.01756156  0.00000000  0.09237531  0.00542614  0
0.88452907  0.01755882  0.00000000  0.09247536  0.00543673  0
0.88442117  0.01755607  0.00000000  0.09257542  0.00544732  0
0.88431095  0.01755602  0.00000000  0.09267513  0.00545788  0
0.88420305  0.01755328  0.00000000  0.09277518  0.00546847  0
0.88409515  0.01755053  0.00000000  0.09287524  0.00547906  0
0.88398725  0.01754779  0.00000000  0.09297530  0.00548964  0
0.88387770  0.01754774  0.00000000  0.09307504  0.00549950  0
0.88376980  0.01754500  0.00000000  0.09317509  0.00551009  0
0.88366190  0.01754225  0.00000000  0.09327515  0.00552068  0
0.88355235  0.01754220  0.00000000  0.09337489  0.00553054  0
0.88344445  0.01753946  0.00000000  0.09347495  0.00554113  0
0.88333655  0.01753671  0.00000000  0.09357500  0.00555171  0
0.88322700  0.01753666  0.00000000  0.09367474  0.00556157  0
0.88311910  0.01753392  0.00000000  0.09377480  0.00557216  0
0.88301120  0.01753118  0.00000000  0.09387485  0.00558275  0
0.88290330  0.01752843  0.00000000  0.09397491  0.00559333  0
0.88279376  0.01752838  0.00000000  0.09407465  0.00560319  0
0.88268586  0.01752564  0.00000000  0.09417470  0.00561378  0
0.88257796  0.01752290  0.00000000  0.09427476  0.00562437  0
0.88246841  0.01752284  0.00000000  0.09437450  0.00563423  0
0.88236051  0.01752010  0.00000000  0.09447455  0.00564481  0
0.88225261  0.01751736  0.00000000  0.09457461  0.00565540  0
0.88214471  0.01751461  0.00000000  0.09467467  0.00566599  0
0.88203450  0.01751456  0.00000000  0.09477436  0.00567655  0
0.88192660  0.01751182  0.00000000  0.09487442  0.00568714  0
0.88181870  0.01750908  0.00000000  0.09497448  0.00569773  0
0.88170916  0.01750902  0.00000000  0.09507421  0.00570759  0
0.88160126  0.01750628  0.00000000  0.09517427  0.00571817  0
0.88149336  0.01750354  0.00000000  0.09527432  0.00572876  0
0.88138382  0.01750349  0.00000000  0.09537406  0.00573862  0
0.88127592  0.01750074  0.00000000  0.09547411  0.00574921  0
0.88116802  0.01749800  0.00000000  0.09557417  0.00575979  0
0.88106012  0.01749526  0.00000000  0.09567422  0.00577038  0
0.88095058  0.01749520  0.00000000  0.09577395  0.00578024  0
0.88084268  0.01749246  0.00000000  0.09587401  0.00579083  0
0.88073478  0.01748972  0.00000000  0.09597407  0.00580141  0
0.88062524  0.01748967  0.00000000  0.09607380  0.00581128  0
0.88051734  0.01748692  0.00000000  0.09617385  0.00582186  0
0.88040944  0.01748418  0.00000000  0.09627391  0.00583245  0
0.88029991  0.01748413  0.00000000  0.09637364  0.00584231  0
0.88019201  0.01748138  0.00000000  0.09647369  0.00585290  0
0.88008411  0.01747864  0.00000000  0.09657375  0.00586348  0
0.87997621  0.01747590  0.00000000  0.09667380  0.00587407  0
0.87986667  0.01747585  0.00000000  0.09677353  0.00588393  0
0.87975877  0.01747310  0.00000000  0.09687359  0.00589451  0
0.87965087  0.01747036  0.00000000  0.09697364  0.00590510  0
0.87954134  0.01747031  0.00000000  0.09707337  0.00591496  0
0.87943344  0.01746757  0.00000000  0.09717343  0.00592555  0
0.87932554  0.01746482  0.00000000  0.09727348  0.00593613  0
0.87921764  0.01746208  0.00000000  0.09737354  0.00594672  0
0.87910811  0.01746203  0.00000000  0.09747326  0.00595658  0
0.87900021  0.01745928  0.00000000  0.09757332  0.00596717  0
0.87889231  0.01745654  0.00000000  0.09767337  0.00597775  0
0.87878278  0.01745649  0.00000000  0.09777310  0.00598761  0
0.87867488  0.01745375  0.00000000  0.09787315  0.00599820  0
0.87856765  0.01745100  0.00000000  0.09797325  0.00600808  0
0.87845745  0.01745095  0.00000000  0.09807293  0.00601865  0
0.87835022  0.01744821  0.00000000  0.09817303  0.00602853  0
0.87824232  0.01744547  0.00000000  0.09827308  0.00603911  0
0.87813442  0.01744272  0.00000000  0.09837314  0.00604970  0
0.87802489  0.01744267  0.00000000  0.09847286  0.00605956  0
0.87791699  0.01743993  0.00000000  0.09857291  0.00607015  0
0.87780909  0.01743719  0.00000000  0.09867297  0.00608073  0
0.87769956  0.01743713  0.00000000  0.09877269  0.00609059  0
0.87759167  0.01743439  0.00000000  0.09887275  0.00610118  0
0.87748377  0.01743165  0.00000000  0.09897280  0.00611176  0
0.87737424  0.01743160  0.00000000  0.09907252  0.00612162  0
0.87726634  0.01742885  0.00000000  0.09917258  0.00613221  0
0.87715844  0.01742611  0.00000000  0.09927263  0.00614280  0
0.87705055  0.01742337  0.00000000  0.09937269  0.00615338  0
0.87694102  0.01742331  0.00000000  0.09947240  0.00616324  0
0.87683312  0.01742057  0.00000000  0.09957246  0.00617383  0
0.87672522  0.01741783  0.00000000  0.09967251  0.00618442  0
0.87661570  0.01741778  0.00000000  0.09977223  0.00619427  0
0.87650780  0.01741503  0.00000000  0.09987229  0.00620486  0
0.87639990  0.01741229  0.00000000  0.09997234  0.00621545  0
0.87629038  0.01741224  0.00000000  0.10007206  0.00622531  0
0.87618248  0.01740950  0.00000000  0.10017211  0.00623589  0
0.87607525  0.01740675  0.00000000  0.10027220  0.00624577  0
0.87596735  0.01740401  0.00000000  0.10037226  0.00625636  0
0.87585783  0.01740396  0.00000000  0.10047197  0.00626622  0
0.87574993  0.01740122  0.00000000  0.10057203  0.00627681  0
0.87564203  0.01739847  0.00000000  0.10067208  0.00628739  0
0.87553251  0.01739842  0.00000000  0.10077180  0.00629725  0
0.87542461  0.01739568  0.00000000  0.10087185  0.00630784  0
0.87531672  0.01739293  0.00000000  0.10097191  0.00631842  0
0.87520882  0.01739019  0.00000000  0.10107196  0.00632901  0
0.87509930  0.01739014  0.00000000  0.10117167  0.00633887  0
0.87499140  0.01738740  0.00000000  0.10127173  0.00634945  0
0.87488350  0.01738465  0.00000000  0.10137178  0.00636004  0
0.87477398  0.01738460  0.00000000  0.10147150  0.00636990  0
0.87466609  0.01738186  0.00000000  0.10157155  0.00638049  0
0.87455886  0.01737912  0.00000000  0.10167164  0.00639037  0
0.87444934  0.01737906  0.00000000  0.10177135  0.00640023  0
0.87434144  0.01737632  0.00000000  0.10187141  0.00641081  0
0.87423354  0.01737358  0.00000000  0.10197146  0.00642140  0
0.87412565  0.01737084  0.00000000  0.10207152  0.00643198  0
0.87401613  0.01737078  0.00000000  0.10217122  0.00644184  0
0.87390823  0.01736804  0.00000000  0.10227128  0.00645243  0
0.87380033  0.01736530  0.00000000  0.10237133  0.00646301  0
0.87369082  0.01736525  0.00000000  0.10247104  0.00647287  0
0.87358292  0.01736250  0.00000000  0.10257110  0.00648346  0
0.87347569  0.01735976  0.00000000  0.10267119  0.00649334  0
0.87336618  0.01735971  0.00000000  0.10277089  0.00650320  0
0.87325828  0.01735697  0.00000000  0.10287095  0.00651378  0
0.87315038  0.01735422  0.00000000  0.10297100  0.00652437  0
0.87304249  0.01735148  0.00000000  0.10307106  0.00653496  0
0.87293297  0.01735143  0.00000000  0.10317076  0.00654482  0
0.87282508  0.01734869  0.00000000  0.10327082  0.00655540  0
0.87271718  0.01734594  0.00000000  0.10337087  0.00656599  0
0.87260767  0.01734589  0.00000000  0.10347058  0.00657585  0
0.87249977  0.01734315  0.00000000  0.10357063  0.00658643  0
0.87239246  0.01734042  0.00000000  0.10367079  0.00659632  0
0.87228456  0.01733767  0.00000000  0.10377084  0.00660690  0
0.87217505  0.01733762  0.00000000  0.10387055  0.00661676  0
0.87206715  0.01733488  0.00000000  0.10397060  0.00662735  0
0.87195926  0.01733214  0.00000000  0.10407066  0.00663793  0
0.87184975  0.01733208  0.00000000  0.10417036  0.00664779  0
0.87174185  0.01732934  0.00000000  0.10427041  0.00665838  0
0.87163395  0.01732660  0.00000000  0.10437047  0.00666896  0
0.87152511  0.01732655  0.00000000  0.10447020  0.00667812  0
0.87141722  0.01732380  0.00000000  0.10457026  0.00668870  0
0.87130932  0.01732106  0.00000000  0.10467031  0.00669929  0
0.87120142  0.01731832  0.00000000  0.10477037  0.00670987  0
0.87109192  0.01731827  0.00000000  0.10487007  0.00671973  0
0.87098402  0.01731552  0.00000000  0.10497012  0.00673032  0
0.87087612  0.01731278  0.00000000  0.10507017  0.00674090  0
0.87076729  0.01731273  0.00000000  0.10516991  0.00675006  0
0.87065939  0.01730999  0.00000000  0.10526996  0.00676064  0
0.87055149  0.01730724  0.00000000  0.10537002  0.00677123  0
0.87044199  0.01730719  0.00000000  0.10546971  0.00678109  0
0.87033409  0.01730445  0.00000000  0.10556977  0.00679167  0
0.87022620  0.01730171  0.00000000  0.10566982  0.00680226  0
0.87011830  0.01729896  0.00000000  0.10576987  0.00681284  0
0.87000946  0.01729891  0.00000000  0.10586961  0.00682200  0
0.86990157  0.01729617  0.00000000  0.10596966  0.00683258  0
0.86979367  0.01729343  0.00000000  0.10606972  0.00684317  0
0.86968417  0.01729337  0.00000000  0.10616941  0.00685303  0
0.86957627  0.01729063  0.00000000  0.10626946  0.00686361  0
0.86946838  0.01728789  0.00000000  0.10636952  0.00687420  0
0.86936115  0.01728515  0.00000000  0.10646961  0.00688408  0
0.86925165  0.01728509  0.00000000  0.10656930  0.00689393  0
0.86914375  0.01728235  0.00000000  0.10666936  0.00690452  0
0.86903586  0.01727961  0.00000000  0.10676941  0.00691511  0
0.86892636  0.01727956  0.00000000  0.10686910  0.00692496  0
0.86881846  0.01727681  0.00000000  0.10696915  0.00693555  0
0.86871123  0.01727407  0.00000000  0.10706925  0.00694543  0
0.86860174  0.01727402  0.00000000  0.10716894  0.00695529  0
0.86849384  0.01727128  0.00000000  0.10726899  0.00696587  0
0.86838594  0.01726853  0.00000000  0.10736904  0.00697646  0
0.86827805  0.01726579  0.00000000  0.10746910  0.00698705  0
0.86816855  0.01726574  0.00000000  0.10756879  0.00699690  0
0.86806132  0.01726300  0.00000000  0.10766888  0.00700678  0
0.86795343  0.01726025  0.00000000  0.10776893  0.00701737  0
0.86784393  0.01726020  0.00000000  0.10786862  0.00702723  0
0.86773604  0.01725746  0.00000000  0.10796867  0.00703781  0
0.86762814  0.01725472  0.00000000  0.10806873  0.00704840  0
0.86751865  0.01725466  0.00000000  0.10816841  0.00705825  0
0.86741142  0.01725192  0.00000000  0.10826850  0.00706813  0
0.86730352  0.01724918  0.00000000  0.10836856  0.00707872  0
0.86719563  0.01724644  0.00000000  0.10846861  0.00708931  0
0.86708614  0.01724638  0.00000000  0.10856830  0.00709916  0
0.86697824  0.01724364  0.00000000  0.10866835  0.00710975  0
0.86687101  0.01724090  0.00000000  0.10876844  0.00711963  0
0.86676152  0.01724085  0.00000000  0.10886813  0.00712949  0
0.86665363  0.01723810  0.00000000  0.10896818  0.00714007  0
0.86654573  0.01723536  0.00000000  0.10906823  0.00715066  0
0.86643783  0.01723262  0.00000000  0.10916828  0.00716124  0
0.86632901  0.01723257  0.00000000  0.10926801  0.00717039  0
0.86622112  0.01722982  0.00000000  0.10936806  0.00718098  0
0.86611322  0.01722708  0.00000000  0.10946811  0.00719157  0
0.86600373  0.01722703  0.00000000  0.10956779  0.00720142  0
0.86589584  0.01722429  0.00000000  0.10966785  0.00721201  0
0.86578861  0.01722154  0.00000000  0.10976794  0.00722189  0
0.86567912  0.01722149  0.00000000  0.10986762  0.00723174  0
0.86557123  0.01721875  0.00000000  0.10996767  0.00724233  0
0.86546333  0.01721601  0.00000000  0.11006772  0.00725292  0
0.86535544  0.01721326  0.00000000  0.11016778  0.00726350  0
0.86524662  0.01721321  0.00000000  0.11026750  0.00727265  0
0.86513872  0.01721047  0.00000000  0.11036755  0.00728324  0
0.86503083  0.01720773  0.00000000  0.11046760  0.00729382  0
0.86492134  0.01720768  0.00000000  0.11056728  0.00730368  0
0.86481412  0.01720493  0.00000000  0.11066737  0.00731356  0
0.86470622  0.01720219  0.00000000  0.11076742  0.00732415  0
0.86459674  0.01720214  0.00000000  0.11086710  0.00733400  0
0.86448884  0.01719940  0.00000000  0.11096715  0.00734459  0
0.86438095  0.01719665  0.00000000  0.11106721  0.00735517  0
0.86427372  0.01719391  0.00000000  0.11116730  0.00736505  0
0.86416424  0.01719386  0.00000000  0.11126697  0.00737491  0
0.86405634  0.01719112  0.00000000  0.11136702  0.00738550  0
0.86394845  0.01718837  0.00000000  0.11146708  0.00739608  0
0.86383964  0.01718832  0.00000000  0.11156679  0.00740523  0
0.86373174  0.01718558  0.00000000  0.11166684  0.00741582  0
0.86362384  0.01718284  0.00000000  0.11176690  0.00742640  0
0.86351595  0.01718009  0.00000000  0.11186695  0.00743699  0
0.86340714  0.01718004  0.00000000  0.11196666  0.00744614  0
0.86329924  0.01717730  0.00000000  0.11206671  0.00745672  0
0.86319135  0.01717456  0.00000000  0.11216676  0.00746731  0
0.86308187  0.01717451  0.00000000  0.11226644  0.00747717  0
0.86297464  0.01717176  0.00000000  0.11236653  0.00748705  0
0.86286675  0.01716902  0.00000000  0.11246658  0.00749763  0
0.86275727  0.01716897  0.00000000  0.11256625  0.00750749  0
0.86264938  0.01716623  0.00000000  0.11266630  0.00751807  0
0.86254215  0.01716348  0.00000000  0.11276639  0.00752795  0
0.86243425  0.01716074  0.00000000  0.11286645  0.00753854  0
0.86232478  0.01716069  0.00000000  0.11296612  0.00754839  0
0.86221689  0.01715795  0.00000000  0.11306617  0.00755898  0
0.86210966  0.01715520  0.00000000  0.11316626  0.00756886  0
0.86200019  0.01715515  0.00000000  0.11326593  0.00757872  0
0.86189229  0.01715241  0.00000000  0.11336598  0.00758930  0
0.86178439  0.01714967  0.00000000  0.11346603  0.00759989  0
0.86167559  0.01714962  0.00000000  0.11356574  0.00760904  0
0.86156770  0.01714687  0.00000000  0.11366579  0.00761962  0
0.86145980  0.01714413  0.00000000  0.11376584  0.00763021  0
0.86135191  0.01714139  0.00000000  0.11386589  0.00764079  0
0.86124310  0.01714134  0.00000000  0.11396560  0.00764994  0
0.86113521  0.01713859  0.00000000  0.11406565  0.00766053  0
0.86102731  0.01713585  0.00000000  0.11416570  0.00767111  0
0.86091784  0.01713580  0.00000000  0.11426537  0.00768097  0
0.86081062  0.01713306  0.00000000  0.11436546  0.00769085  0
0.86070272  0.01713031  0.00000000  0.11446551  0.00770143  0
0.86059483  0.01712757  0.00000000  0.11456556  0.00771202  0
0.86048603  0.01712752  0.00000000  0.11466526  0.00772117  0
0.86037813  0.01712478  0.00000000  0.11476531  0.00773176  0
0.86027024  0.01712203  0.00000000  0.11486537  0.00774234  0
0.86016077  0.01712198  0.00000000  0.11496503  0.00775220  0
0.86005355  0.01711924  0.00000000  0.11506512  0.00776208  0
0.85994565  0.01711650  0.00000000  0.11516517  0.00777266  0
0.85983619  0.01711645  0.00000000  0.11526483  0.00778252  0
0.85972896  0.01711370  0.00000000  0.11536492  0.00779240  0
0.85962106  0.01711096  0.00000000  0.11546497  0.00780298  0
0.85951317  0.01710822  0.00000000  0.11556503  0.00781357  0
0.85940371  0.01710817  0.00000000  0.11566469  0.00782342  0
0.85929648  0.01710542  0.00000000  0.11576478  0.00783330  2
0.85918858  0.01710268  0.00000000  0.11586483  0.00784389  2
0.85907912  0.01710263  0.00000000  0.11596449  0.00785374  2
0.85897190  0.01709989  0.00000000  0.11606458  0.00786362  2
0.85886400  0.01709715  0.00000000  0.11616463  0.00787421  2
0.85875454  0.01709709  0.00000000  0.11626429  0.00788406  2
0.85864731  0.01709435  0.00000000  0.11636437  0.00789394  2
0.85853942  0.01709161  0.00000000  0.11646443  0.00790453  2
0.85843152  0.01708887  0.00000000  0.11656448  0.00791511  2
0.85832206  0.01708881  0.00000000  0.11666413  0.00792497  2
0.85821474  0.01708608  0.00000000  0.11676430  0.00793485  2
0.85810685  0.01708334  0.00000000  0.11686435  0.00794544  2
0.85799739  0.01708329  0.00000000  0.11696401  0.00795529  2
0.85789016  0.01708055  0.00000000  0.11706410  0.00796517  2
0.85778227  0.01707780  0.00000000  0.11716415  0.00797576  2
0.85767437  0.01707506  0.00000000  0.11726420  0.00798634  2
0.85756559  0.01707501  0.00000000  0.11736389  0.00799549  2
0.85745769  0.01707227  0.00000000  0.11746394  0.00800608  2
0.85734980  0.01706952  0.00000000  0.11756400  0.00801666  2
0.85724101  0.01706947  0.00000000  0.11766369  0.00802581  2
0.85713311  0.01706673  0.00000000  0.11776374  0.00803640  2
0.85702522  0.01706399  0.00000000  0.11786379  0.00804698  2
0.85691643  0.01706394  0.00000000  0.11796348  0.00805613  2
0.85680854  0.01706119  0.00000000  0.11806353  0.00806671  2
0.85670065  0.01705845  0.00000000  0.11816358  0.00807730  2
0.85659342  0.01705571  0.00000000  0.11826367  0.00808718  2
0.85648397  0.01705566  0.00000000  0.11836332  0.00809703  2
0.85637607  0.01705292  0.00000000  0.11846337  0.00810762  2
0.85626885  0.01705017  0.00000000  0.11856346  0.00811750  2
0.85615939  0.01705012  0.00000000  0.11866311  0.00812735  2
0.85605150  0.01704738  0.00000000  0.11876316  0.00813794  2
0.85594427  0.01704464  0.00000000  0.11886325  0.00814782  2
0.85583482  0.01704459  0.00000000  0.11896290  0.00815767  2
0.85572693  0.01704184  0.00000000  0.11906295  0.00816826  2
0.85561970  0.01703910  0.00000000  0.11916304  0.00817814  2
0.85551181  0.01703636  0.00000000  0.11926309  0.00818872  2
0.85540236  0.01703631  0.00000000  0.11936274  0.00819858  2
0.85529513  0.01703356  0.00000000  0.11946283  0.00820846  2
0.85518724  0.01703082  0.00000000  0.11956288  0.00821904  2
0.85507779  0.01703077  0.00000000  0.11966252  0.00822889  2
0.85497057  0.01702803  0.00000000  0.11976261  0.00823877  2
0.85486267  0.01702528  0.00000000  0.11986266  0.00824936  2
0.85475478  0.01702254  0.00000000  0.11996271  0.00825995  2
0.85464600  0.01702249  0.00000000  0.12006240  0.00826909  2
0.85453811  0.01701975  0.00000000  0.12016245  0.00827968  2
0.85443021  0.01701701  0.00000000  0.12026250  0.00829026  2
0.85432143  0.01701695  0.00000000  0.12036218  0.00829941  2
0.85421354  0.01701421  0.00000000  0.12046223  0.00831000  2
0.85410632  0.01701147  0.00000000  0.12056232  0.00831988  2
0.85399687  0.01701142  0.00000000  0.12066196  0.00832973  2
0.85388898  0.01700868  0.00000000  0.12076201  0.00834031  2
0.85378175  0.01700593  0.00000000  0.12086210  0.00835019  2
0.85367386  0.01700319  0.00000000  0.12096215  0.00836078  2
0.85356442  0.01700314  0.00000000  0.12106179  0.00837063  2
0.85345719  0.01700040  0.00000000  0.12116188  0.00838051  2
0.85334930  0.01699765  0.00000000  0.12126193  0.00839110  2
0.85323985  0.01699760  0.00000000  0.12136157  0.00840095  2
0.85313263  0.01699486  0.00000000  0.12146166  0.00841083  2
0.85302474  0.01699212  0.00000000  0.12156171  0.00842142  2
0.85291596  0.01699207  0.00000000  0.12166139  0.00843056  2
0.85280807  0.01698932  0.00000000  0.12176144  0.00844115  2
0.85270018  0.01698658  0.00000000  0.12186149  0.00845173  2
0.85259295  0.01698384  0.00000000  0.12196158  0.00846161  2
0.85248351  0.01698379  0.00000000  0.12206121  0.00847146  2
0.85237562  0.01698105  0.00000000  0.12216126  0.00848205  2
0.85226839  0.01697830  0.00000000  0.12226135  0.00849193  2
0.85215896  0.01697825  0.00000000  0.12236099  0.00850178  2
0.85205173  0.01697551  0.00000000  0.12246108  0.00851166  2
0.85194384  0.01697277  0.00000000  0.12256113  0.00852225  2
0.85183594  0.01697002  0.00000000  0.12266118  0.00853283  2
0.85172718  0.01696997  0.00000000  0.12276085  0.00854198  2
0.85161928  0.01696723  0.00000000  0.12286090  0.00855257  2
0.85151206  0.01696449  0.00000000  0.12296099  0.00856245  2
0.85140262  0.01696444  0.00000000  0.12306062  0.00857230  2
0.85129473  0.01696169  0.00000000  0.12316067  0.00858288  2
0.85118751  0.01695895  0.00000000  0.12326076  0.00859276  2
0.85107807  0.01695890  0.00000000  0.12336039  0.00860261  2
0.85097018  0.01695616  0.00000000  0.12346044  0.00861320  2
0.85086295  0.01695342  0.00000000  0.12356053  0.00862308  2
0.85075506  0.01695067  0.00000000  0.12366058  0.00863366  2
0.85064630  0.01695062  0.00000000  0.12376025  0.00864281  2
0.85053840  0.01694788  0.00000000  0.12386030  0.00865340  2
0.85043118  0.01694514  0.00000000  0.12396039  0.00866328  2
0.85032175  0.01694509  0.00000000  0.12406002  0.00867313  2
0.85021385  0.01694234  0.00000000  0.12416007  0.00868371  2
0.85010663  0.01693960  0.00000000  0.12426016  0.00869359  2
0.84999720  0.01693955  0.00000000  0.12435979  0.00870344  2
0.84988997  0.01693681  0.00000000  0.12445987  0.00871332  2
0.84978208  0.01693407  0.00000000  0.12455992  0.00872391  2
0.84967419  0.01693132  0.00000000  0.12465997  0.00873449  2
0.84956543  0.01693127  0.00000000  0.12475964  0.00874364  2
0.84945754  0.01692853  0.00000000  0.12485969  0.00875423  2
0.84935031  0.01692579  0.00000000  0.12495978  0.00876411  2
0.84924088  0.01692574  0.00000000  0.12505940  0.00877396  2
0.84913299  0.01692299  0.00000000  0.12515945  0.00878454  2
0.84902577  0.01692025  0.00000000  0.12525954  0.00879442  2
0.84891787  0.01691751  0.00000000  0.12535959  0.00880501  2
0.84880912  0.01691746  0.00000000  0.12545925  0.00881415  2
0.84870122  0.01691471  0.00000000  0.12555930  0.00882474  2
0.84859400  0.01691197  0.00000000  0.12565939  0.00883462  2
0.84848457  0.01691192  0.00000000  0.12575902  0.00884447  2
0.84837668  0.01690918  0.00000000  0.12585907  0.00885505  2
0.84826946  0.01690644  0.00000000  0.12595915  0.00886493  2
0.84816003  0.01690639  0.00000000  0.12605878  0.00887478  2
0.84805281  0.01690364  0.00000000  0.12615886  0.00888466  2
0.84794492  0.01690090  0.00000000  0.12625891  0.00889525  2
0.84783769  0.01689816  0.00000000  0.12635900  0.00890513  2
0.84772827  0.01689811  0.00000000  0.12645862  0.00891498  2
0.84762038  0.01689536  0.00000000  0.12655867  0.00892557  2
0.84751316  0.01689262  0.00000000  0.12665876  0.00893545  2
0.84740373  0.01689257  0.00000000  0.12675838  0.00894530  2
0.84729651  0.01688983  0.00000000  0.12685847  0.00895518  2
0.84718862  0.01688709  0.00000000  0.12695852  0.00896576  2
0.84707987  0.01688704  0.00000000  0.12705817  0.00897491  2
0.84697197  0.01688429  0.00000000  0.12715822  0.00898549  2
0.84686475  0.01688155  0.00000000  0.12725831  0.00899537  2
0.84675686  0.01687881  0.00000000  0.12735836  0.00900596  2
0.84664744  0.01687876  0.00000000  0.12745798  0.00901581  2
0.84654022  0.01687601  0.00000000  0.12755806  0.00902569  2
0.84643232  0.01687327  0.00000000  0.12765811  0.00903627  2
0.84632358  0.01687322  0.00000000  0.12775777  0.00904542  2
0.84621568  0.01687048  0.00000000  0.12785782  0.00905600  2
0.84610846  0.01686774  0.00000000  0.12795790  0.00906588  2
0.84600057  0.01686499  0.00000000  0.12805795  0.00907647  2
0.84589182  0.01686494  0.00000000  0.12815761  0.00908561  2
0.84578393  0.01686220  0.00000000  0.12825766  0.00909620  2
0.84567670  0.01685946  0.00000000  0.12835774  0.00910608  2
0.84556729  0.01685941  0.00000000  0.12845736  0.00911593  2
0.84545940  0.01685666  0.00000000  0.12855741  0.00912651  2
0.84535217  0.01685392  0.00000000  0.12865749  0.00913639  2
0.84524276  0.01685387  0.00000000  0.12875711  0.00914624  2
0.84513554  0.01685113  0.00000000  0.12885719  0.00915612  2
0.84502765  0.01684839  0.00000000  0.12895724  0.00916671  2
0.84492042  0.01684564  0.00000000  0.12905733  0.00917659  2
0.84481101  0.01684559  0.00000000  0.12915694  0.00918644  2
0.84470379  0.01684285  0.00000000  0.12925703  0.00919632  2
0.84459589  0.01684011  0.00000000  0.12935708  0.00920690  2
0.84448715  0.01684006  0.00000000  0.12945673  0.00921604  2
0.84437926  0.01683732  0.00000000  0.12955677  0.00922663  2
0.84427204  0.01683457  0.00000000  0.12965686  0.00923651  1
0.84416263  0.01683452  0.00000000  0.12975647  0.00924636  1
0.84405530  0.01683179  0.00000000  0.12985664  0.00925624  1
0.84394741  0.01682905  0.00000000  0.12995669  0.00926683  1
0.84384019  0.01682631  0.00000000  0.13005678  0.00927671  1
0.84373078  0.01682626  0.00000000  0.13015639  0.00928656  1
0.84362355  0.01682351  0.00000000  0.13025647  0.00929644  1
0.84351566  0.01682077  0.00000000  0.13035652  0.00930702  1
0.84340626  0.01682072  0.00000000  0.13045613  0.00931687  1
0.84329903  0.01681798  0.00000000  0.13055622  0.00932675  1
0.84319181  0.01681523  0.00000000  0.13065630  0.00933663  1
0.84308240  0.01681518  0.00000000  0.13075591  0.00934648  1
0.84297451  0.01681244  0.00000000  0.13085596  0.00935707  1
0.84286729  0.01680970  0.00000000  0.13095604  0.00936695  1
0.84275940  0.01680696  0.00000000  0.13105609  0.00937753  1
0.84265066  0.01680691  0.00000000  0.13115574  0.00938668  1
0.84254277  0.01680416  0.00000000  0.13125578  0.00939726  1
0.84243555  0.01680142  0.00000000  0.13135587  0.00940714  1
0.84232615  0.01680137  0.00000000  0.13145548  0.00941699  1
0.84221892  0.01679863  0.00000000  0.13155556  0.00942687  1
0.84211103  0.01679589  0.00000000  0.13165561  0.00943745  1
0.84200381  0.01679314  0.00000000  0.13175570  0.00944733  1
0.84189441  0.01679309  0.00000000  0.13185530  0.00945718  1
0.84178718  0.01679035  0.00000000  0.13195538  0.00946706  1
0.84167929  0.01678761  0.00000000  0.13205543  0.00947765  1
0.84157056  0.01678756  0.00000000  0.13215507  0.00948679  1
0.84146267  0.01678481  0.00000000  0.13225512  0.00949738  1
0.84135545  0.01678207  0.00000000  0.13235521  0.00950726  1
0.84124605  0.01678202  0.00000000  0.13245481  0.00951710  1
0.84113882  0.01677928  0.00000000  0.13255489  0.00952698  1
0.84103160  0.01677654  0.00000000  0.13265498  0.00953686  1
0.84092371  0.01677379  0.00000000  0.13275503  0.00954745  1
0.84081498  0.01677374  0.00000000  0.13285466  0.00955659  1
0.84070709  0.01677100  0.00000000  0.13295471  0.00956718  1
0.84059987  0.01676826  0.00000000  0.13305480  0.00957706  1
0.84049047  0.01676821  0.00000000  0.13315440  0.00958690  1
0.84038325  0.01676547  0.00000000  0.13325448  0.00959678  1
0.84027536  0.01676272  0.00000000  0.13335453  0.00960737  1
0.84016663  0.01676267  0.00000000  0.13345416  0.00961651  1
0.84005874  0.01675993  0.00000000  0.13355421  0.00962710  1
0.83995152  0.01675719  0.00000000  0.13365430  0.00963698  1
0.83984363  0.01675445  0.00000000  0.13375435  0.00964756  1
0.83973490  0.01675440  0.00000000  0.13385398  0.00965670  1
0.83962701  0.01675165  0.00000000  0.13395403  0.00966729  1
0.83951979  0.01674891  0.00000000  0.13405411  0.00967717  1
0.83941040  0.01674886  0.00000000  0.13415371  0.00968702  1
0.83930317  0.01674612  0.00000000  0.13425379  0.00969690  1
0.83919528  0.01674337  0.00000000  0.13435384  0.00970748  1
0.83908806  0.01674063  0.00000000  0.13445393  0.00971736  1
0.83897867  0.01674058  0.00000000  0.13455352  0.00972721  1
0.83887145  0.01673784  0.00000000  0.13465360  0.00973709  1
0.83876422  0.01673510  0.00000000  0.13475369  0.00974697  1
0.83865483  0.01673505  0.00000000  0.13485328  0.00975682  1
0.83854761  0.01673230  0.00000000  0.13495337  0.00976670  1
0.83843972  0.01672956  0.00000000  0.13505342  0.00977728  1
0.83833100  0.01672951  0.00000000  0.13515304  0.00978642  1
0.83822311  0.01672677  0.00000000  0.13525309  0.00979701  1
0.83811589  0.01672403  0.00000000  0.13535318  0.00980689  1
0.83800800  0.01672128  0.00000000  0.13545322  0.00981747  1
0.83789928  0.01672123  0.00000000  0.13555285  0.00982661  1
0.83779139  0.01671849  0.00000000  0.13565290  0.00983720  1
0.83768417  0.01671575  0.00000000  0.13575298  0.00984708  1
0.83757478  0.01671570  0.00000000  0.13585257  0.00985693  1
0.83746756  0.01671296  0.00000000  0.13595266  0.00986681  1
0.83736034  0.01671021  0.00000000  0.13605274  0.00987669  1
0.83725095  0.01671016  0.00000000  0.13615233  0.00988653  1
0.83714373  0.01670742  0.00000000  0.13625242  0.00989641  1
0.83703584  0.01670468  0.00000000  0.13635246  0.00990700  1
0.83692862  0.01670194  0.00000000  0.13645255  0.00991688  1
0.83681924  0.01670189  0.00000000  0.13655213  0.00992672  1
0.83671201  0.01669914  0.00000000  0.13665222  0.00993660  1
0.83660479  0.01669640  0.00000000  0.13675230  0.00994648  1
0.83649541  0.01669635  0.00000000  0.13685189  0.00995633  1
0.83638819  0.01669361  0.00000000  0.13695197  0.00996621  1
0.83628030  0.01669087  0.00000000  0.13705202  0.00997680  1
0.83617307  0.01668812  0.00000000  0.13715211  0.00998668  1
0.83606369  0.01668807  0.00000000  0.13725169  0.00999652  1
0.83595647  0.01668533  0.00000000  0.13735177  0.01000640  1
0.83584925  0.01668259  0.00000000  0.13745186  0.01001628  1
0.83573987  0.01668254  0.00000000  0.13755144  0.01002613  1
0.83563265  0.01667980  0.00000000  0.13765153  0.01003601  1
0.83552476  0.01667705  0.00000000  0.13775157  0.01004659  1
0.83541605  0.01667700  0.00000000  0.13785119  0.01005573  1
0.83530816  0.01667426  0.00000000  0.13795124  0.01006632  1
0.83520094  0.01667152  0.00000000  0.13805132  0.01007620  1
0.83509372  0.01666878  0.00000000  0.13815141  0.01008608  1
0.83498434  0.01666873  0.00000000  0.13825099  0.01009592  1
0.83487712  0.01666598  0.00000000  0.13835107  0.01010580  1
0.83476923  0.01666324  0.00000000  0.13845112  0.01011639  1
0.83466052  0.01666319  0.00000000  0.13855074  0.01012553  1
0.83455263  0.01666045  0.00000000  0.13865078  0.01013611  1
0.83444541  0.01665771  0.00000000  0.13875087  0.01014599  1
0.83433670  0.01665766  0.00000000  0.13885048  0.01015513  1
0.83422882  0.01665491  0.00000000  0.13895053  0.01016572  1
0.83412159  0.01665217  0.00000000  0.13905061  0.01017560  1
0.83401370  0.01664943  0.00000000  0.13915066  0.01018619  1
0.83390500  0.01664938  0.00000000  0.13925028  0.01019533  1
0.83379711  0.01664664  0.00000000  0.13935032  0.01020591  1
0.83368989  0.01664389  0.00000000  0.13945041  0.01021579  1
0.83358119  0.01664384  0.00000000  0.13955002  0.01022493  1
0.83347330  0.01664110  0.00000000  0.13965007  0.01023552  1
0.83336607  0.01663836  0.00000000  0.13975015  0.01024540  1
0.83325885  0.01663562  0.00000000  0.13985024  0.01025528  1
0.83314948  0.01663557  0.00000000  0.13994981  0.01026512  1
0.83304226  0.01663282  0.00000000  0.14004989  0.01027500  1
0.83293437  0.01663008  0.00000000  0.14014994  0.01028559  1
0.83282567  0.01663003  0.00000000  0.14024955  0.01029473  1
0.83271778  0.01662729  0.00000000  0.14034960  0.01030531  1
0.83261056  0.01662455  0.00000000  0.14044968  0.01031519  1
0.83250186  0.01662450  0.00000000  0.14054929  0.01032433  1
0.83239397  0.01662175  0.00000000  0.14064934  0.01033492  1
0.83228675  0.01661901  0.00000000  0.14074942  0.01034479  1
0.83217953  0.01661627  0.00000000  0.14084951  0.01035467  1
0.83207016  0.01661622  0.00000000  0.14094908  0.01036452  1
0.83196294  0.01661348  0.00000000  0.14104916  0.01037440  1
0.83185505  0.01661073  0.00000000  0.14114921  0.01038498  1
0.83174636  0.01661069  0.00000000  0.14124881  0.01039412  1
0.83163914  0.01660794  0.00000000  0.14134890  0.01040400  1
0.83153125  0.01660520  0.00000000  0.14144894  0.01041459  1
0.83142255  0.01660515  0.00000000  0.14154855  0.01042373  1
0.83131466  0.01660241  0.00000000  0.14164860  0.01043431  1
0.83120744  0.01659967  0.00000000  0.14174868  0.01044419  1
0.83110022  0.01659692  0.00000000  0.14184876  0.01045407  1
0.83099086  0.01659687  0.00000000  0.14194833  0.01046392  1
0.83088364  0.01659413  0.00000000  0.14204841  0.01047380  1
0.83077642  0.01659139  0.00000000  0.14214850  0.01048368  1
0.83066706  0.01659134  0.00000000  0.14224806  0.01049352  1
0.83055984  0.01658860  0.00000000  0.14234815  0.01050340  1
0.83045195  0.01658585  0.00000000  0.14244819  0.01051399  1
0.83034473  0.01658311  0.00000000  0.14254828  0.01052387  1
0.83023603  0.01658306  0.00000000  0.14264788  0.01053300  1
0.83012815  0.01658032  0.00000000  0.14274792  0.01054359  1
0.83002093  0.01657758  0.00000000  0.14284801  0.01055347  1
0.82991145  0.01657754  0.00000000  0.14294767  0.01056332  1
0.82980423  0.01657480  0.00000000  0.14304775  0.01057320  1
0.82969701  0.01657205  0.00000000  0.14314783  0.01058308  1
0.82958766  0.01657200  0.00000000  0.14324740  0.01059292  1
0.82948043  0.01656926  0.00000000  0.14334748  0.01060280  1
0.82937321  0.01656652  0.00000000  0.14344756  0.01061268  1
0.82926532  0.01656378  0.00000000  0.14354761  0.01062327  1
0.82915664  0.01656373  0.00000000  0.14364721  0.01063241  1
0.82904942  0.01656098  0.00000000  0.14374729  0.01064229  1
0.82894153  0.01655824  0.00000000  0.14384734  0.01065287  1
0.82883284  0.01655819  0.00000000  0.14394694  0.01066201  1
0.82872495  0.01655545  0.00000000  0.14404698  0.01067260  1
0.82861773  0.01655271  0.00000000  0.14414706  0.01068248  1
0.82850905  0.01655266  0.00000000  0.14424666  0.01069161  1
0.82840116  0.01654992  0.00000000  0.14434671  0.01070220  1
0.82829394  0.01654717  0.00000000  0.14444679  0.01071208  1
0.82818672  0.01654443  0.00000000  0.14454687  0.01072196  1
0.82807737  0.01654438  0.00000000  0.14464643  0.01073180  1
0.82797015  0.01654164  0.00000000  0.14474651  0.01074168  1
0.82786293  0.01653890  0.00000000  0.14484660  0.01075156  1
0.82775358  0.01653885  0.00000000  0.14494615  0.01076141  1
0.82764636  0.01653610  0.00000000  0.14504624  0.01077128  1
0.82753913  0.01653336  0.00000000  0.14514632  0.01078116  1
0.82743125  0.01653062  0.00000000  0.14524637  0.01079175  1
0.82732257  0.01653057  0.00000000  0.14534596  0.01080089  1
0.82721535  0.01652783  0.00000000  0.14544604  0.01081077  1
0.82710746  0.01652508  0.00000000  0.14554609  0.01082135  1
0.82699878  0.01652504  0.00000000  0.14564568  0.01083049  1
0.82689156  0.01652229  0.00000000  0.14574576  0.01084037  1
0.82678367  0.01651955  0.00000000  0.14584581  0.01085096  1
0.82667499  0.01651950  0.00000000  0.14594540  0.01086009  1
0.82656777  0.01651676  0.00000000  0.14604548  0.01086997  1
0.82645988  0.01651402  0.00000000  0.14614552  0.01088056  1
0.82635266  0.01651127  0.00000000  0.14624561  0.01089044  1
0.82624399  0.01651122  0.00000000  0.14634520  0.01089957  1
0.82613610  0.01650848  0.00000000  0.14644524  0.01091016  1
0.82602888  0.01650574  0.00000000  0.14654532  0.01092004  1
0.82592020  0.01650569  0.00000000  0.14664491  0.01092918  1
0.82581231  0.01650295  0.00000000  0.14674496  0.01093976  1
0.82570509  0.01650020  0.00000000  0.14684504  0.01094964  1
0.82559642  0.01650016  0.00000000  0.14694463  0.01095878  1
0.82548853  0.01649741  0.00000000  0.14704467  0.01096936  1
0.82538131  0.01649467  0.00000000  0.14714475  0.01097924  1
0.82527409  0.01649193  0.00000000  0.14724484  0.01098912  1
0.82516475  0.01649188  0.00000000  0.14734439  0.01099897  1
0.82505753  0.01648914  0.00000000  0.14744447  0.01100885  1
0.82495031  0.01648639  0.00000000  0.14754455  0.01101873  1
0.82484097  0.01648634  0.00000000  0.14764410  0.01102857  1
0.82473375  0.01648360  0.00000000  0.14774418  0.01103845  1
0.82462653  0.01648086  0.00000000  0.14784426  0.01104833  1
0.82451864  0.01647812  0.00000000  0.14794431  0.01105891  1
0.82440997  0.01647807  0.00000000  0.14804389  0.01106805  1
0.82430275  0.01647533  0.00000000  0.14814397  0.01107793  1
0.82419487  0.01647258  0.00000000  0.14824402  0.01108851  1
0.82408620  0.01647253  0.00000000  0.14834360  0.01109765  1
0.82397898  0.01646979  0.00000000  0.14844368  0.01110753  1
0.82387176  0.01646705  0.00000000  0.14854376  0.01111741  1
0.82376242  0.01646700  0.00000000  0.14864331  0.01112725  1
0.82365520  0.01646426  0.00000000  0.14874339  0.01113713  1
0.82354798  0.01646151  0.00000000  0.14884347  0.01114701  1
0.82344009  0.01645877  0.00000000  0.14894352  0.01115760  1
0.82333143  0.01645872  0.00000000  0.14904310  0.01116673  1
0.82322421  0.01645598  0.00000000  0.14914318  0.01117661  1
0.82311632  0.01645324  0.00000000  0.14924322  0.01118720  1
0.82300766  0.01645319  0.00000000  0.14934280  0.01119633  1
0.82290044  0.01645045  0.00000000  0.14944288  0.01120621  1
0.82279255  0.01644770  0.00000000  0.14954293  0.01121680  1
0.82268388  0.01644765  0.00000000  0.14964251  0.01122594  1
0.82257667  0.01644491  0.00000000  0.14974259  0.01123582  1
0.82246945  0.01644217  0.00000000  0.14984267  0.01124569  1
0.82236156  0.01643943  0.00000000  0.14994271  0.01125628  1
