# weight fractions/chain concentrations : HOH   TMA   OH   Chain  H3O
# 0:stable, 1:macophase instability, 2:mesophase instability
0.95267920  0.01935918  0.02796061  0.00000100  0.00000000  2
0.95235922  0.01933947  0.02728930  0.00101199  0.00000000  2
0.95203918  0.01931980  0.02661803  0.00202297  0.00000000  2
0.95171889  0.01930008  0.02594607  0.00303494  0.00000000  2
0.95139886  0.01928040  0.02527482  0.00404590  0.00000000  2
0.95107890  0.01926070  0.02460354  0.00505684  0.00000000  2
0.95075888  0.01924102  0.02393230  0.00606778  0.00000000  2
0.95043861  0.01922130  0.02326038  0.00707969  0.00000000  2
0.95011859  0.01920163  0.02258916  0.00809060  0.00000000  2
0.94979864  0.01918193  0.02191791  0.00910150  0.00000000  2
0.94947863  0.01916225  0.02124671  0.01011239  0.00000000  2
0.94915869  0.01914255  0.02057548  0.01112326  0.00000000  2
0.94883838  0.01912286  0.01990363  0.01213511  0.00000000  2
0.94851845  0.01910316  0.01923242  0.01314596  0.00000000  2
0.94819845  0.01908348  0.01856125  0.01415680  0.00000000  2
0.94787853  0.01906378  0.01789004  0.01516762  0.00000000  2
0.94755823  0.01904409  0.01721824  0.01617942  0.00000000  2
0.94723832  0.01902439  0.01654705  0.01719022  0.00000000  2
0.94691834  0.01900472  0.01587591  0.01820101  0.00000000  2
0.94659843  0.01898502  0.01520474  0.01921179  0.00000000  2
0.94627846  0.01896535  0.01453362  0.02022256  0.00000000  2
0.94595818  0.01894566  0.01386186  0.02123429  0.00000000  2
0.94563828  0.01892596  0.01319071  0.02224503  0.00000000  2
0.94531832  0.01890629  0.01251961  0.02325576  0.00000000  2
0.94499843  0.01888659  0.01184848  0.02426648  0.00000000  2
0.94467817  0.01886690  0.01117675  0.02527816  0.00000000  2
0.94435829  0.01884720  0.01050564  0.02628885  0.00000000  2
0.94403834  0.01882753  0.00983457  0.02729953  0.00000000  2
0.94371847  0.01880784  0.00916347  0.02831020  0.00000000  2
0.94339823  0.01878815  0.00849178  0.02932183  0.00000000  2
0.94307836  0.01876845  0.00782070  0.03033248  0.00000000  2
0.94275843  0.01874878  0.00714966  0.03134311  0.00000000  2
0.94243857  0.01872908  0.00647859  0.03235373  0.00000000  2
0.94211865  0.01870942  0.00580758  0.03336434  0.00000000  2
0.94179849  0.01868970  0.00513588  0.03437591  0.00000000  2
0.94147858  0.01867003  0.00446488  0.03538649  0.00000000  2
0.94115873  0.01865034  0.00379385  0.03639707  0.00000000  2
0.94083882  0.01863067  0.00312286  0.03740763  0.00000000  2
0.94051868  0.01861096  0.00245120  0.03841914  0.00000000  2
0.94019878  0.01859129  0.00178023  0.03942968  0.00000000  2
0.93987895  0.01857159  0.00110923  0.04044020  0.00000000  2
0.93955906  0.01855193  0.00043827  0.04145071  0.00000000  2
0.93900432  0.01853226  0.00000000  0.04246341  0.00000000  2
0.93800618  0.01851255  0.00000000  0.04348117  0.00000008  2
0.93700902  0.01849288  0.00000000  0.04449797  0.00000012  2
0.93601189  0.01847319  0.00000000  0.04551475  0.00000016  2
0.93501470  0.01845352  0.00000000  0.04653152  0.00000024  2
0.93401666  0.01843381  0.00000000  0.04754923  0.00000028  2
0.93301954  0.01841415  0.00000000  0.04856598  0.00000032  2
0.93202242  0.01839445  0.00000000  0.04958271  0.00000040  2
0.93102532  0.01837479  0.00000000  0.05059943  0.00000044  2
0.93002826  0.01835510  0.00000000  0.05161614  0.00000048  2
0.92903022  0.01833542  0.00000000  0.05263379  0.00000056  2
0.92803318  0.01831572  0.00000000  0.05365047  0.00000060  2
0.92703613  0.01829606  0.00000000  0.05466714  0.00000064  2
0.92603908  0.01827637  0.00000000  0.05568380  0.00000072  2
0.92504113  0.01825669  0.00000000  0.05670140  0.00000076  2
0.92404414  0.01823700  0.00000000  0.05771804  0.00000080  2
0.92304710  0.01821733  0.00000000  0.05873466  0.00000089  2
0.92205014  0.01819764  0.00000000  0.05975127  0.00000093  2
0.92105316  0.01817798  0.00000000  0.06076787  0.00000097  2
0.92005525  0.01815827  0.00000000  0.06178541  0.00000105  2
0.91905830  0.01813861  0.00000000  0.06280198  0.00000109  2
0.91806136  0.01811895  0.00000000  0.06381854  0.00000113  2
0.91706441  0.01809926  0.00000000  0.06483510  0.00000121  2
0.91606657  0.01807958  0.00000000  0.06585257  0.00000125  2
0.91506969  0.01805989  0.00000000  0.06686910  0.00000129  2
0.91407276  0.01804023  0.00000000  0.06788562  0.00000137  2
0.91307590  0.01802055  0.00000000  0.06890212  0.00000141  2
0.91207811  0.01800087  0.00000000  0.06991955  0.00000145  2
0.91108124  0.01798118  0.00000000  0.07093603  0.00000153  2
0.91008440  0.01796152  0.00000000  0.07195249  0.00000157  2
0.90908759  0.01794183  0.00000000  0.07296895  0.00000161  2
0.90809072  0.01792217  0.00000000  0.07398539  0.00000169  2
0.90709302  0.01790247  0.00000000  0.07500275  0.00000174  2
0.90609622  0.01788281  0.00000000  0.07601917  0.00000178  2
0.90509942  0.01786312  0.00000000  0.07703558  0.00000186  2
0.90410265  0.01784347  0.00000000  0.07805197  0.00000190  2
0.90310496  0.01782376  0.00000000  0.07906928  0.00000198  2
0.90210821  0.01780410  0.00000000  0.08008565  0.00000202  2
0.90111149  0.01778442  0.00000000  0.08110201  0.00000206  2
0.90011472  0.01776476  0.00000000  0.08211835  0.00000214  2
0.89911803  0.01774508  0.00000000  0.08313469  0.00000218  2
0.89812042  0.01772540  0.00000000  0.08415193  0.00000222  2
0.89712369  0.01770575  0.00000000  0.08516824  0.00000230  2
0.89612704  0.01768606  0.00000000  0.08618454  0.00000234  2
0.89513033  0.01766641  0.00000000  0.08720082  0.00000242  2
0.89413279  0.01764670  0.00000000  0.08821802  0.00000246  2
0.89313615  0.01762705  0.00000000  0.08923428  0.00000250  2
0.89213950  0.01760737  0.00000000  0.09025053  0.00000259  2
