# weight fractions/chain concentrations : HOH   TMA   OH   Chain  H3O
# 0:stable, 1:macophase instability, 2:mesophase instability
0.95267952  0.01935918  0.02796119  0.00000010  0.00000000  2
0.95252084  0.01934942  0.02762833  0.00050139  0.00000000  2
0.95236219  0.01933966  0.02729554  0.00100259  0.00000000  2
0.95220352  0.01932990  0.02696268  0.00150388  0.00000000  2
0.95204487  0.01932014  0.02662990  0.00200507  0.00000000  2
0.95188620  0.01931037  0.02629705  0.00250636  0.00000000  2
0.95172756  0.01930061  0.02596427  0.00300754  0.00000000  2
0.95156889  0.01929085  0.02563142  0.00350882  0.00000000  2
0.95141025  0.01928109  0.02529864  0.00401000  0.00000000  2
0.95125158  0.01927133  0.02496580  0.00451127  0.00000000  2
0.95109295  0.01926157  0.02463302  0.00501244  0.00000000  2
0.95093428  0.01925180  0.02430019  0.00551371  0.00000000  2
0.95077564  0.01924204  0.02396742  0.00601488  0.00000000  2
0.95061698  0.01923228  0.02363458  0.00651614  0.00000000  2
0.95045835  0.01922252  0.02330181  0.00701730  0.00000000  2
0.95029968  0.01921276  0.02296898  0.00751856  0.00000000  2
0.95014105  0.01920300  0.02263622  0.00801971  0.00000000  2
0.94998239  0.01919324  0.02230339  0.00852096  0.00000000  2
0.94982372  0.01918348  0.02197057  0.00902221  0.00000000  2
0.94966510  0.01917372  0.02163781  0.00952335  0.00000000  2
0.94950644  0.01916395  0.02130499  0.01002459  0.00000000  2
0.94934781  0.01915420  0.02097224  0.01052573  0.00000000  2
0.94918916  0.01914443  0.02063943  0.01102697  0.00000000  2
0.94903053  0.01913467  0.02030668  0.01152810  0.00000000  2
0.94887188  0.01912491  0.01997386  0.01202933  0.00000000  2
0.94871325  0.01911515  0.01964112  0.01253046  0.00000000  2
0.94855460  0.01910539  0.01930831  0.01303168  0.00000000  2
0.94839598  0.01909563  0.01897557  0.01353280  0.00000000  2
0.94823733  0.01908587  0.01864277  0.01403402  0.00000000  2
0.94807871  0.01907611  0.01831003  0.01453513  0.00000000  2
0.94792006  0.01906635  0.01797723  0.01503634  0.00000000  2
0.94776145  0.01905659  0.01764449  0.01553745  0.00000000  2
0.94760279  0.01904683  0.01731170  0.01603865  0.00000000  2
0.94744418  0.01903707  0.01697897  0.01653976  0.00000000  2
0.94728554  0.01902731  0.01664618  0.01704096  0.00000000  2
0.94712689  0.01901755  0.01631339  0.01754215  0.00000000  2
0.94696828  0.01900779  0.01598067  0.01804325  0.00000000  2
0.94680964  0.01899803  0.01564788  0.01854444  0.00000000  2
0.94665102  0.01898827  0.01531516  0.01904552  0.00000000  2
0.94649238  0.01897851  0.01498238  0.01954671  0.00000000  2
0.94633378  0.01896875  0.01464966  0.02004779  0.00000000  2
0.94617514  0.01895899  0.01431688  0.02054897  0.00000000  2
0.94601653  0.01894923  0.01398418  0.02105004  0.00000000  2
0.94585789  0.01893947  0.01365140  0.02155121  0.00000000  2
0.94569929  0.01892971  0.01331869  0.02205228  0.00000000  2
0.94554065  0.01891995  0.01298593  0.02255345  0.00000000  2
0.94538205  0.01891020  0.01265322  0.02305451  0.00000000  2
0.94522342  0.01890043  0.01232045  0.02355567  0.00000000  2
0.94506482  0.01889068  0.01198775  0.02405673  0.00000000  2
0.94490619  0.01888092  0.01165499  0.02455788  0.00000000  2
0.94474759  0.01887116  0.01132230  0.02505894  0.00000000  2
0.94458896  0.01886140  0.01098954  0.02556008  0.00000000  2
0.94443036  0.01885164  0.01065685  0.02606113  0.00000000  2
0.94427173  0.01884188  0.01032410  0.02656227  0.00000000  2
0.94411311  0.01883212  0.00999134  0.02706341  0.00000000  2
0.94395451  0.01882236  0.00965866  0.02756445  0.00000000  2
0.94379589  0.01881260  0.00932591  0.02806558  0.00000000  2
0.94363730  0.01880285  0.00899323  0.02856661  0.00000000  2
0.94347868  0.01879309  0.00866048  0.02906773  0.00000000  2
0.94332008  0.01878333  0.00832781  0.02956876  0.00000000  2
0.94316146  0.01877357  0.00799507  0.03006988  0.00000000  2
0.94300288  0.01876381  0.00766239  0.03057090  0.00000000  2
0.94284425  0.01875405  0.00732966  0.03107201  0.00000000  2
0.94268567  0.01874430  0.00699699  0.03157303  0.00000000  2
0.94252705  0.01873454  0.00666426  0.03207413  0.00000000  2
0.94236847  0.01872478  0.00633159  0.03257514  0.00000000  2
0.94220985  0.01871502  0.00599886  0.03307624  0.00000000  2
0.94205127  0.01870526  0.00566620  0.03357724  0.00000000  2
0.94189266  0.01869550  0.00533348  0.03407834  0.00000000  2
0.94173407  0.01868575  0.00500082  0.03457934  0.00000000  2
0.94157546  0.01867599  0.00466810  0.03508043  0.00000000  2
0.94141686  0.01866623  0.00433538  0.03558151  0.00000000  2
0.94125827  0.01865648  0.00400273  0.03608250  0.00000000  2
0.94109967  0.01864672  0.00367002  0.03658358  0.00000000  2
0.94094109  0.01863696  0.00333737  0.03708456  0.00000000  2
0.94078249  0.01862720  0.00300466  0.03758563  0.00000000  2
0.94062391  0.01861744  0.00267202  0.03808661  0.00000000  2
0.94046531  0.01860769  0.00233931  0.03858768  0.00000000  2
0.94030674  0.01859793  0.00200667  0.03908865  0.00000000  2
0.94014813  0.01858817  0.00167397  0.03958971  0.00000000  2
0.93998956  0.01857841  0.00134133  0.04009067  0.00000000  2
0.93983096  0.01856866  0.00100864  0.04059173  0.00000000  2
0.93967239  0.01855890  0.00067600  0.04109268  0.00000000  2
0.93951379  0.01854914  0.00034331  0.04159373  0.00000000  2
0.93935523  0.01853939  0.00001068  0.04209469  0.00000000  2
0.93887157  0.01852963  0.00000000  0.04259876  0.00000002  1
0.93837722  0.01851987  0.00000000  0.04310284  0.00000005  1
0.93788279  0.01851011  0.00000000  0.04360701  0.00000007  1
0.93738835  0.01850036  0.00000000  0.04411117  0.00000010  1
0.93689402  0.01849060  0.00000000  0.04461524  0.00000012  1
0.93639959  0.01848084  0.00000000  0.04511940  0.00000015  1
0.93590526  0.01847109  0.00000000  0.04562346  0.00000018  1
0.93541083  0.01846133  0.00000000  0.04612761  0.00000021  1
0.93491651  0.01845158  0.00000000  0.04663167  0.00000023  1
0.93442209  0.01844182  0.00000000  0.04713582  0.00000026  1
0.93392777  0.01843206  0.00000000  0.04763987  0.00000028  1
0.93343336  0.01842231  0.00000000  0.04814401  0.00000031  1
0.93293905  0.01841255  0.00000000  0.04864805  0.00000034  1
0.93244464  0.01840279  0.00000000  0.04915219  0.00000036  1
0.93195033  0.01839304  0.00000000  0.04965622  0.00000039  1
0.93145593  0.01838328  0.00000000  0.05016035  0.00000042  1
0.93096163  0.01837352  0.00000000  0.05066438  0.00000044  1
0.93046724  0.01836377  0.00000000  0.05116851  0.00000047  1
0.92997294  0.01835401  0.00000000  0.05167253  0.00000049  1
0.92947855  0.01834426  0.00000000  0.05217665  0.00000052  1
0.92898417  0.01833450  0.00000000  0.05268076  0.00000055  1
0.92848988  0.01832475  0.00000000  0.05318478  0.00000057  1
0.92799550  0.01831499  0.00000000  0.05368889  0.00000060  1
0.92750122  0.01830523  0.00000000  0.05419290  0.00000063  1
0.92700685  0.01829548  0.00000000  0.05469700  0.00000065  1
0.92651257  0.01828572  0.00000000  0.05520100  0.00000068  1
0.92601821  0.01827597  0.00000000  0.05570510  0.00000071  1
0.92552394  0.01826621  0.00000000  0.05620910  0.00000073  1
0.92502957  0.01825646  0.00000000  0.05671319  0.00000076  1
0.92453531  0.01824670  0.00000000  0.05721718  0.00000078  1
0.92404096  0.01823695  0.00000000  0.05772126  0.00000081  1
0.92354670  0.01822719  0.00000000  0.05822525  0.00000084  1
0.92305235  0.01821744  0.00000000  0.05872933  0.00000087  1
0.92255810  0.01820768  0.00000000  0.05923331  0.00000089  1
0.92206376  0.01819792  0.00000000  0.05973738  0.00000092  1
0.92156951  0.01818817  0.00000000  0.06024135  0.00000095  1
0.92107517  0.01817842  0.00000000  0.06074542  0.00000097  1
0.92058084  0.01816866  0.00000000  0.06124948  0.00000100  1
0.92008660  0.01815891  0.00000000  0.06175345  0.00000103  1
0.91959227  0.01814915  0.00000000  0.06225750  0.00000106  1
0.91909804  0.01813940  0.00000000  0.06276146  0.00000108  1
0.91860372  0.01812964  0.00000000  0.06326551  0.00000111  1
0.91810949  0.01811989  0.00000000  0.06376947  0.00000113  1
0.91761518  0.01811013  0.00000000  0.06427351  0.00000116  1
0.91712095  0.01810038  0.00000000  0.06477746  0.00000119  1
0.91662665  0.01809063  0.00000000  0.06528150  0.00000121  1
0.91613243  0.01808087  0.00000000  0.06578544  0.00000124  1
0.91563813  0.01807112  0.00000000  0.06628947  0.00000127  1
0.91514392  0.01806136  0.00000000  0.06679340  0.00000129  1
0.91464962  0.01805161  0.00000000  0.06729743  0.00000132  1
0.91415542  0.01804185  0.00000000  0.06780136  0.00000135  1
0.91366112  0.01803210  0.00000000  0.06830538  0.00000138  1
0.91316693  0.01802235  0.00000000  0.06880930  0.00000140  1
0.91267264  0.01801259  0.00000000  0.06931332  0.00000143  1
0.91217836  0.01800284  0.00000000  0.06981733  0.00000146  1
0.91168417  0.01799309  0.00000000  0.07032124  0.00000148  1
0.91118989  0.01798333  0.00000000  0.07082525  0.00000151  1
0.91069571  0.01797358  0.00000000  0.07132915  0.00000154  1
0.91020144  0.01796382  0.00000000  0.07183315  0.00000157  1
0.90970726  0.01795407  0.00000000  0.07233706  0.00000159  1
0.90921299  0.01794432  0.00000000  0.07284105  0.00000162  1
0.90871882  0.01793456  0.00000000  0.07334494  0.00000165  1
0.90822456  0.01792481  0.00000000  0.07384893  0.00000168  1
0.90773040  0.01791506  0.00000000  0.07435282  0.00000170  1
0.90723615  0.01790530  0.00000000  0.07485680  0.00000173  1
0.90674199  0.01789555  0.00000000  0.07536069  0.00000176  1
0.90624774  0.01788580  0.00000000  0.07586466  0.00000179  1
0.90575359  0.01787604  0.00000000  0.07636854  0.00000181  1
0.90525934  0.01786629  0.00000000  0.07687251  0.00000184  1
0.90476519  0.01785654  0.00000000  0.07737638  0.00000187  1
0.90427096  0.01784678  0.00000000  0.07788034  0.00000190  1
0.90377682  0.01783703  0.00000000  0.07838421  0.00000192  1
0.90328259  0.01782728  0.00000000  0.07888816  0.00000195  1
0.90278836  0.01781753  0.00000000  0.07939212  0.00000198  1
0.90229423  0.01780777  0.00000000  0.07989597  0.00000201  1
0.90180001  0.01779802  0.00000000  0.08039992  0.00000203  1
0.90130588  0.01778827  0.00000000  0.08090377  0.00000206  1
0.90081167  0.01777852  0.00000000  0.08140771  0.00000209  1
0.90031754  0.01776876  0.00000000  0.08191156  0.00000212  1
0.89982333  0.01775901  0.00000000  0.08241549  0.00000214  1
0.89932922  0.01774926  0.00000000  0.08291933  0.00000217  1
0.89883501  0.01773951  0.00000000  0.08342326  0.00000220  1
0.89834091  0.01772975  0.00000000  0.08392709  0.00000223  1
0.89784671  0.01772000  0.00000000  0.08443101  0.00000225  1
0.89735261  0.01771025  0.00000000  0.08493484  0.00000228  1
0.89685841  0.01770050  0.00000000  0.08543876  0.00000231  1
0.89636431  0.01769075  0.00000000  0.08594258  0.00000234  1
0.89587013  0.01768099  0.00000000  0.08644649  0.00000237  1
0.89537604  0.01767124  0.00000000  0.08695031  0.00000239  1
0.89488186  0.01766149  0.00000000  0.08745421  0.00000242  1
0.89438768  0.01765174  0.00000000  0.08795811  0.00000245  1
0.89389360  0.01764199  0.00000000  0.08846192  0.00000248  1
0.89339943  0.01763223  0.00000000  0.08896581  0.00000250  1
0.89290535  0.01762249  0.00000000  0.08946961  0.00000253  1
0.89241119  0.01761273  0.00000000  0.08997350  0.00000256  1
0.89191711  0.01760298  0.00000000  0.09047730  0.00000259  1
0.89142295  0.01759323  0.00000000  0.09098118  0.00000262  1
0.89092889  0.01758348  0.00000000  0.09148497  0.00000265  1
0.89043474  0.01757373  0.00000000  0.09198884  0.00000267  1
0.88994068  0.01756398  0.00000000  0.09249263  0.00000270  1
0.88944653  0.01755423  0.00000000  0.09299650  0.00000273  1
0.88895247  0.01754447  0.00000000  0.09350027  0.00000276  1
0.88845833  0.01753472  0.00000000  0.09400414  0.00000279  1
0.88796428  0.01752497  0.00000000  0.09450791  0.00000282  1
0.88747015  0.01751522  0.00000000  0.09501177  0.00000284  1
0.88697611  0.01750547  0.00000000  0.09551553  0.00000287  1
0.88648198  0.01749572  0.00000000  0.09601938  0.00000290  1
0.88598785  0.01748597  0.00000000  0.09652323  0.00000293  1
0.88549382  0.01747622  0.00000000  0.09702699  0.00000296  1
0.88499970  0.01746647  0.00000000  0.09753083  0.00000298  1
0.88450567  0.01745672  0.00000000  0.09803458  0.00000301  1
0.88401156  0.01744697  0.00000000  0.09853842  0.00000304  1
0.88351753  0.01743722  0.00000000  0.09904216  0.00000307  1
0.88302342  0.01742747  0.00000000  0.09954599  0.00000310  1
0.88252941  0.01741772  0.00000000  0.10004973  0.00000313  1
0.88203531  0.01740796  0.00000000  0.10055355  0.00000316  1
0.88154130  0.01739821  0.00000000  0.10105729  0.00000318  1
0.88104720  0.01738847  0.00000000  0.10156110  0.00000321  1
0.88055319  0.01737872  0.00000000  0.10206483  0.00000324  1
0.88005910  0.01736896  0.00000000  0.10256864  0.00000327  1
0.87956510  0.01735922  0.00000000  0.10307236  0.00000330  1
0.87907102  0.01734947  0.00000000  0.10357617  0.00000333  1
0.87857703  0.01733972  0.00000000  0.10407988  0.00000335  1
0.87808295  0.01732997  0.00000000  0.10458368  0.00000338  1
0.87758887  0.01732022  0.00000000  0.10508748  0.00000341  1
0.87709489  0.01731047  0.00000000  0.10559119  0.00000344  1
0.87660082  0.01730071  0.00000000  0.10609498  0.00000347  1
0.87610684  0.01729097  0.00000000  0.10659867  0.00000350  1
0.87561278  0.01728122  0.00000000  0.10710246  0.00000352  1
0.87511880  0.01727147  0.00000000  0.10760615  0.00000356  1
0.87462474  0.01726172  0.00000000  0.10810993  0.00000358  1
0.87413078  0.01725197  0.00000000  0.10861362  0.00000361  1
0.87363673  0.01724222  0.00000000  0.10911739  0.00000364  1
0.87314277  0.01723247  0.00000000  0.10962107  0.00000367  1
0.87264872  0.01722272  0.00000000  0.11012484  0.00000370  1
0.87215477  0.01721297  0.00000000  0.11062851  0.00000373  1
0.87166073  0.01720322  0.00000000  0.11113228  0.00000375  1
0.87116677  0.01719348  0.00000000  0.11163594  0.00000379  1
0.87067274  0.01718373  0.00000000  0.11213970  0.00000381  1
0.87017880  0.01717398  0.00000000  0.11264336  0.00000384  1
0.86968477  0.01716423  0.00000000  0.11314711  0.00000387  1
0.86919075  0.01715448  0.00000000  0.11365086  0.00000390  1
0.86869681  0.01714473  0.00000000  0.11415451  0.00000393  1
0.86820279  0.01713498  0.00000000  0.11465825  0.00000396  1
0.86770886  0.01712523  0.00000000  0.11516190  0.00000399  1
0.86721485  0.01711548  0.00000000  0.11566563  0.00000402  1
0.86672093  0.01710574  0.00000000  0.11616927  0.00000405  1
0.86622692  0.01709599  0.00000000  0.11667300  0.00000407  1
0.86573300  0.01708624  0.00000000  0.11717664  0.00000411  1
0.86523900  0.01707649  0.00000000  0.11768036  0.00000413  1
0.86474509  0.01706674  0.00000000  0.11818399  0.00000416  1
0.86425109  0.01705700  0.00000000  0.11868770  0.00000419  1
0.86375719  0.01704725  0.00000000  0.11919133  0.00000422  1
0.86326320  0.01703750  0.00000000  0.11969503  0.00000425  1
0.86276930  0.01702775  0.00000000  0.12019865  0.00000428  1
0.86227531  0.01701800  0.00000000  0.12070236  0.00000431  1
0.86178142  0.01700826  0.00000000  0.12120597  0.00000434  1
0.86128744  0.01699851  0.00000000  0.12170966  0.00000437  1
0.86079347  0.01698876  0.00000000  0.12221336  0.00000440  1
0.86029958  0.01697901  0.00000000  0.12271696  0.00000443  1
0.85980561  0.01696926  0.00000000  0.12322065  0.00000446  1
0.85931173  0.01695952  0.00000000  0.12372425  0.00000449  1
0.85881777  0.01694977  0.00000000  0.12422793  0.00000451  1
0.85832390  0.01694002  0.00000000  0.12473152  0.00000454  1
0.85782994  0.01693028  0.00000000  0.12523519  0.00000458  1
0.85733607  0.01692053  0.00000000  0.12573878  0.00000460  1
0.85684212  0.01691078  0.00000000  0.12624245  0.00000463  1
0.85634826  0.01690103  0.00000000  0.12674603  0.00000466  1
0.85585431  0.01689129  0.00000000  0.12724969  0.00000469  1
0.85536046  0.01688154  0.00000000  0.12775326  0.00000472  1
0.85486652  0.01687179  0.00000000  0.12825692  0.00000475  1
0.85437267  0.01686205  0.00000000  0.12876049  0.00000478  1
0.85387873  0.01685230  0.00000000  0.12926414  0.00000481  1
0.85338489  0.01684255  0.00000000  0.12976770  0.00000484  1
0.85289096  0.01683281  0.00000000  0.13027135  0.00000487  1
0.85239712  0.01682306  0.00000000  0.13077490  0.00000490  1
0.85190320  0.01681331  0.00000000  0.13127854  0.00000493  1
0.85140928  0.01680356  0.00000000  0.13178218  0.00000496  1
0.85091545  0.01679382  0.00000000  0.13228572  0.00000499  1
0.85042154  0.01678407  0.00000000  0.13278935  0.00000502  1
0.84992772  0.01677432  0.00000000  0.13329289  0.00000505  1
0.84943381  0.01676458  0.00000000  0.13379652  0.00000508  1
0.84893999  0.01675483  0.00000000  0.13430005  0.00000511  1
0.84844609  0.01674508  0.00000000  0.13480367  0.00000514  1
0.84795228  0.01673534  0.00000000  0.13530720  0.00000517  1
0.84745838  0.01672559  0.00000000  0.13581081  0.00000520  1
0.84696457  0.01671585  0.00000000  0.13631433  0.00000523  1
0.84647069  0.01670610  0.00000000  0.13681794  0.00000526  1
0.84597688  0.01669636  0.00000000  0.13732145  0.00000529  1
0.84548300  0.01668661  0.00000000  0.13782505  0.00000532  1
0.84498921  0.01667686  0.00000000  0.13832856  0.00000535  1
0.84449533  0.01666712  0.00000000  0.13883215  0.00000538  1
0.84400154  0.01665737  0.00000000  0.13933566  0.00000541  1
0.84350767  0.01664763  0.00000000  0.13983925  0.00000544  1
0.84301380  0.01663788  0.00000000  0.14034283  0.00000547  1
0.84252002  0.01662814  0.00000000  0.14084632  0.00000550  1
0.84202616  0.01661839  0.00000000  0.14134990  0.00000553  1
0.84153238  0.01660864  0.00000000  0.14185339  0.00000556  1
0.84103852  0.01659890  0.00000000  0.14235696  0.00000559  1
0.84054476  0.01658915  0.00000000  0.14286045  0.00000562  1
0.84005090  0.01657941  0.00000000  0.14336401  0.00000565  1
0.83955714  0.01656966  0.00000000  0.14386749  0.00000568  1
0.83906330  0.01655992  0.00000000  0.14437105  0.00000572  1
0.83856954  0.01655017  0.00000000  0.14487452  0.00000574  1
0.83807570  0.01654043  0.00000000  0.14537808  0.00000578  1
0.83758195  0.01653068  0.00000000  0.14588154  0.00000580  1
0.83708812  0.01652094  0.00000000  0.14638509  0.00000584  1
0.83659437  0.01651119  0.00000000  0.14688855  0.00000587  1
0.83610054  0.01650145  0.00000000  0.14739209  0.00000590  1
0.83560680  0.01649170  0.00000000  0.14789554  0.00000593  1
0.83511299  0.01648196  0.00000000  0.14839908  0.00000596  1
0.83461917  0.01647221  0.00000000  0.14890261  0.00000599  1
0.83412544  0.01646247  0.00000000  0.14940606  0.00000602  1
0.83363162  0.01645272  0.00000000  0.14990958  0.00000605  1
0.83313790  0.01644298  0.00000000  0.15041302  0.00000608  1
0.83264409  0.01643324  0.00000000  0.15091654  0.00000611  1
0.83215037  0.01642349  0.00000000  0.15141997  0.00000614  1
0.83165657  0.01641375  0.00000000  0.15192349  0.00000618  1
0.83116286  0.01640400  0.00000000  0.15242691  0.00000620  1
0.83066906  0.01639426  0.00000000  0.15293042  0.00000624  1
0.83017535  0.01638451  0.00000000  0.15343384  0.00000627  1
0.82968157  0.01637477  0.00000000  0.15393735  0.00000630  1
0.82918786  0.01636503  0.00000000  0.15444076  0.00000633  1
0.82869408  0.01635528  0.00000000  0.15494426  0.00000636  1
0.82820039  0.01634554  0.00000000  0.15544766  0.00000639  1
0.82770661  0.01633579  0.00000000  0.15595115  0.00000642  1
0.82721292  0.01632605  0.00000000  0.15645456  0.00000646  1
0.82671915  0.01631631  0.00000000  0.15695804  0.00000648  1
0.82622538  0.01630656  0.00000000  0.15746152  0.00000652  1
0.82573170  0.01629682  0.00000000  0.15796491  0.00000655  1
0.82523794  0.01628708  0.00000000  0.15846839  0.00000658  1
0.82474426  0.01627733  0.00000000  0.15897178  0.00000661  1
0.82425050  0.01626759  0.00000000  0.15947525  0.00000664  1
0.82375683  0.01625785  0.00000000  0.15997863  0.00000667  1
0.82326309  0.01624810  0.00000000  0.16048209  0.00000670  1
0.82276942  0.01623836  0.00000000  0.16098546  0.00000673  1
0.82227568  0.01622862  0.00000000  0.16148892  0.00000677  1
0.82178202  0.01621887  0.00000000  0.16199229  0.00000680  1
0.82128828  0.01620913  0.00000000  0.16249574  0.00000683  1
0.82079463  0.01619939  0.00000000  0.16299910  0.00000686  1
0.82030090  0.01618964  0.00000000  0.16350255  0.00000689  1
0.81980725  0.01617990  0.00000000  0.16400591  0.00000692  1
0.81931352  0.01617016  0.00000000  0.16450935  0.00000696  1
0.81881988  0.01616042  0.00000000  0.16501270  0.00000698  1
0.81832616  0.01615067  0.00000000  0.16551613  0.00000702  1
0.81783244  0.01614093  0.00000000  0.16601956  0.00000705  1
0.81733881  0.01613119  0.00000000  0.16652290  0.00000708  1
0.81684510  0.01612144  0.00000000  0.16702632  0.00000711  1
0.81635147  0.01611170  0.00000000  0.16752966  0.00000715  1
0.81585777  0.01610196  0.00000000  0.16803308  0.00000717  1
0.81536415  0.01609222  0.00000000  0.16853641  0.00000721  1
0.81487045  0.01608247  0.00000000  0.16903982  0.00000724  1
0.81437683  0.01607273  0.00000000  0.16954314  0.00000727  1
0.81388314  0.01606299  0.00000000  0.17004655  0.00000730  1
0.81338953  0.01605325  0.00000000  0.17054987  0.00000734  1
0.81289584  0.01604351  0.00000000  0.17105327  0.00000737  1
0.81240224  0.01603377  0.00000000  0.17155658  0.00000740  1
0.81190856  0.01602402  0.00000000  0.17205997  0.00000743  1
0.81141496  0.01601428  0.00000000  0.17256328  0.00000746  1
0.81092128  0.01600454  0.00000000  0.17306666  0.00000749  1
0.81042769  0.01599480  0.00000000  0.17356996  0.00000753  1
0.80993402  0.01598506  0.00000000  0.17407335  0.00000756  1
0.80944035  0.01597531  0.00000000  0.17457672  0.00000759  1
0.80894677  0.01596557  0.00000000  0.17508001  0.00000762  1
0.80845311  0.01595583  0.00000000  0.17558339  0.00000766  1
0.80795953  0.01594609  0.00000000  0.17608667  0.00000769  1
0.80746588  0.01593635  0.00000000  0.17659004  0.00000772  1
0.80697230  0.01592661  0.00000000  0.17709332  0.00000775  1
0.80647866  0.01591686  0.00000000  0.17759668  0.00000779  1
0.80598509  0.01590712  0.00000000  0.17809995  0.00000782  1
0.80549145  0.01589738  0.00000000  0.17860330  0.00000785  1
0.80499789  0.01588764  0.00000000  0.17910657  0.00000788  1
0.80450425  0.01587790  0.00000000  0.17960992  0.00000791  1
0.80401069  0.01586816  0.00000000  0.18011318  0.00000795  1
0.80351706  0.01585842  0.00000000  0.18061652  0.00000798  1
0.80302352  0.01584868  0.00000000  0.18111978  0.00000801  1
0.80252989  0.01583894  0.00000000  0.18162311  0.00000804  1
0.80203635  0.01582920  0.00000000  0.18212636  0.00000808  1
0.80154273  0.01581945  0.00000000  0.18262969  0.00000811  1
0.80104919  0.01580971  0.00000000  0.18313293  0.00000814  1
0.80055558  0.01579997  0.00000000  0.18363626  0.00000817  1
0.80006197  0.01579023  0.00000000  0.18413958  0.00000821  1
0.79956844  0.01578049  0.00000000  0.18464281  0.00000824  1
0.79907483  0.01577075  0.00000000  0.18514612  0.00000827  1
0.79858131  0.01576101  0.00000000  0.18564935  0.00000830  1
0.79808771  0.01575127  0.00000000  0.18615266  0.00000834  1
0.79759419  0.01574153  0.00000000  0.18665588  0.00000837  1
0.79710060  0.01573179  0.00000000  0.18715919  0.00000840  1
0.79660709  0.01572205  0.00000000  0.18766240  0.00000844  1
0.79611350  0.01571231  0.00000000  0.18816570  0.00000847  1
0.79562000  0.01570257  0.00000000  0.18866891  0.00000850  1
0.79512642  0.01569283  0.00000000  0.18917220  0.00000853  1
0.79463292  0.01568309  0.00000000  0.18967540  0.00000857  1
0.79413934  0.01567335  0.00000000  0.19017869  0.00000860  1
0.79364585  0.01566361  0.00000000  0.19068188  0.00000863  1
0.79315228  0.01565387  0.00000000  0.19118516  0.00000867  1
0.79265879  0.01564413  0.00000000  0.19168836  0.00000870  1
0.79216523  0.01563439  0.00000000  0.19219163  0.00000873  1
0.79167167  0.01562465  0.00000000  0.19269489  0.00000877  1
0.79117819  0.01561491  0.00000000  0.19319808  0.00000880  1
0.79068463  0.01560517  0.00000000  0.19370134  0.00000883  1
0.79019116  0.01559543  0.00000000  0.19420452  0.00000886  1
0.78969762  0.01558569  0.00000000  0.19470777  0.00000890  1
0.78920415  0.01557595  0.00000000  0.19521095  0.00000893  1
0.78871060  0.01556622  0.00000000  0.19571420  0.00000897  1
0.78821714  0.01555648  0.00000000  0.19621736  0.00000900  1
0.78772361  0.01554674  0.00000000  0.19672061  0.00000903  1
0.78723015  0.01553700  0.00000000  0.19722377  0.00000907  1
0.78673662  0.01552726  0.00000000  0.19772700  0.00000910  1
0.78624317  0.01551752  0.00000000  0.19823016  0.00000913  1
0.78574964  0.01550778  0.00000000  0.19873339  0.00000917  1
0.78525620  0.01549804  0.00000000  0.19923654  0.00000920  1
0.78476268  0.01548830  0.00000000  0.19973976  0.00000923  1
0.78426924  0.01547857  0.00000000  0.20024291  0.00000926  1
0.78377573  0.01546883  0.00000000  0.20074612  0.00000930  1
