# weight fractions/chain concentrations : HOH   TMA   OH   Chain   
# 0:stable, 1:macophase instability, 2:mesophase instability
0.97525936  0.01932879  0.00441183  0.00100001  32.7495934  0.15771714  0.15693442  0.00019567  0
0.97428193  0.01932835  0.00438973  0.00199997  32.6557184  0.15741931  0.15585683  0.00039061  1
0.97333323  0.01930451  0.00436225  0.00299998  32.5628162  0.15693064  0.15459130  0.00058483  1
0.97238453  0.01928067  0.00433478  0.00400001  32.4702601  0.15644379  0.15333048  0.00077832  1
0.97143597  0.01925671  0.00430728  0.00500001  32.3780538  0.15595785  0.15207347  0.00097109  1
0.97048725  0.01923287  0.00427981  0.00600006  32.2861845  0.15547461  0.15082200  0.00116315  1
0.96950992  0.01923244  0.00425771  0.00699992  32.1940481  0.15518374  0.14976585  0.00135447  1
0.96856138  0.01920848  0.00423021  0.00799991  32.1028676  0.15470284  0.14852245  0.00154509  1
0.96761264  0.01918464  0.00420273  0.00899997  32.0120169  0.15422461  0.14728450  0.00173502  1
0.96666389  0.01916079  0.00417526  0.01000004  31.9215008  0.15374814  0.14605111  0.00192425  1
0.96571533  0.01913684  0.00414776  0.01100006  31.8313263  0.15327254  0.14482142  0.00211277  1
0.96473811  0.01913641  0.00412566  0.01199979  31.7408811  0.15298842  0.14378611  0.00230057  1
0.96378936  0.01911257  0.00409819  0.01299987  31.6513612  0.15251685  0.14256594  0.00248772  1
0.96284059  0.01908872  0.00407071  0.01399996  31.5621686  0.15204700  0.14135022  0.00267419  1
0.96189203  0.01906477  0.00404321  0.01499998  31.4733124  0.15157799  0.14013814  0.00285996  1
0.96094323  0.01904092  0.00401573  0.01600009  31.3847696  0.15111157  0.13893129  0.00304506  1
0.95996613  0.01904050  0.00399364  0.01699972  31.2959691  0.15083401  0.13791624  0.00322944  1
0.95901757  0.01901654  0.00396614  0.01799972  31.2080834  0.15036978  0.13671704  0.00341318  1
0.95806878  0.01899270  0.00393867  0.01899984  31.1205044  0.14990809  0.13552297  0.00359628  1
0.95711996  0.01896885  0.00391119  0.01999998  31.0332422  0.14944807  0.13433322  0.00377871  1
0.95617139  0.01894489  0.00388369  0.02100000  30.9463087  0.14898887  0.13314701  0.00396046  1
0.95522256  0.01892105  0.00385621  0.02200016  30.8596753  0.14853216  0.13196584  0.00414158  1
0.95424558  0.01892063  0.00383412  0.02299965  30.7727898  0.14826230  0.13097442  0.00432196  1
0.95329702  0.01889667  0.00380662  0.02399967  30.6867956  0.14780771  0.12980068  0.00450175  1
0.95234818  0.01887282  0.00377914  0.02499984  30.6010951  0.14735559  0.12863188  0.00468092  1
0.95139932  0.01884898  0.00375167  0.02600002  30.5157013  0.14690509  0.12746726  0.00485945  1
0.95045045  0.01882513  0.00372419  0.02700021  30.4306124  0.14645619  0.12630680  0.00503734  1
0.94947387  0.01882460  0.00370208  0.02799943  30.3452926  0.14619166  0.12533374  0.00521447  1
0.94852501  0.01880075  0.00367460  0.02899961  30.2608118  0.14574564  0.12418124  0.00539110  1
0.94757613  0.01877691  0.00364712  0.02999982  30.1766310  0.14530121  0.12303282  0.00556709  1
0.94662756  0.01875295  0.00361962  0.03099985  30.0927669  0.14485755  0.12188781  0.00574243  1
0.94567866  0.01872910  0.00359214  0.03200007  30.0091820  0.14441626  0.12074752  0.00591718  1
0.94470190  0.01872868  0.00357006  0.03299934  29.9253538  0.14415852  0.11979370  0.00609120  1
0.94375333  0.01870473  0.00354256  0.03399936  29.8423799  0.14371924  0.11866050  0.00626468  1
0.94280442  0.01868088  0.00351508  0.03499959  29.7596792  0.14328230  0.11753195  0.00643758  1
0.94185551  0.01865703  0.00348760  0.03599984  29.6772691  0.14284689  0.11640736  0.00660988  1
0.94090657  0.01863319  0.00346012  0.03700010  29.5951482  0.14241301  0.11528672  0.00678157  1
0.93993027  0.01863266  0.00343802  0.03799903  29.5128095  0.14216030  0.11435031  0.00695249  1
0.93898134  0.01860881  0.00341054  0.03899928  29.4312651  0.14172915  0.11323721  0.00712298  1
0.93803240  0.01858497  0.00338306  0.03999955  29.3500053  0.14129951  0.11212800  0.00729287  1
0.93708382  0.01856101  0.00335556  0.04099959  29.2690510  0.14087059  0.11102204  0.00746213  1
0.93613486  0.01853716  0.00332808  0.04199988  29.1883563  0.14044393  0.10992054  0.00763084  1
0.93515831  0.01853675  0.00330600  0.04299892  29.1074271  0.14019765  0.10900231  0.00779883  1
0.93420974  0.01851279  0.00327850  0.04399895  29.0273171  0.13977289  0.10790756  0.00796633  1
0.93326077  0.01848894  0.00325102  0.04499925  28.9474613  0.13935035  0.10681720  0.00813328  1
0.93231179  0.01846509  0.00322354  0.04599956  28.8678813  0.13892928  0.10573059  0.00829967  1
0.93136319  0.01844114  0.00319604  0.04699961  28.7886003  0.13850891  0.10464717  0.00846543  1
0.93041419  0.01841729  0.00316856  0.04799995  28.7095680  0.13809073  0.10356805  0.00863067  1
0.92943777  0.01841688  0.00314648  0.04899885  28.6303062  0.13785108  0.10267033  0.00879518  1
0.92848877  0.01839303  0.00311900  0.04999918  28.5518179  0.13743548  0.10159832  0.00895928  1
0.92754018  0.01836907  0.00309150  0.05099923  28.4736245  0.13702056  0.10052944  0.00912277  1
0.92659115  0.01834522  0.00306402  0.05199959  28.3956726  0.13660780  0.09946476  0.00928575  1
0.92564212  0.01832137  0.00303653  0.05299996  28.3179868  0.13619644  0.09840371  0.00944818  1
0.92466624  0.01832085  0.00301445  0.05399844  28.2401029  0.13596137  0.09752203  0.00960983  1
0.92371721  0.01829700  0.00298696  0.05499880  28.1629476  0.13555252  0.09646792  0.00977115  1
0.92276817  0.01827315  0.00295948  0.05599918  28.0860542  0.13514507  0.09541738  0.00993192  1
0.92181957  0.01824920  0.00293198  0.05699924  28.0094498  0.13473827  0.09436991  0.01009209  1
0.92087050  0.01822535  0.00290450  0.05799964  27.9330767  0.13433357  0.09332648  0.01025177  1
0.91989430  0.01822494  0.00288243  0.05899831  27.8564822  0.13410439  0.09246145  0.01041073  1
0.91894571  0.01820098  0.00285493  0.05999836  27.7806553  0.13370142  0.09142429  0.01056928  1
0.91799663  0.01817713  0.00282744  0.06099877  27.7050547  0.13330052  0.09039112  0.01072735  1
0.91704755  0.01815328  0.00279996  0.06199919  27.6297081  0.13290097  0.08936141  0.01088488  1
0.91609845  0.01812943  0.00277247  0.06299963  27.5546143  0.13250275  0.08833517  0.01104189  1
0.91512285  0.01812892  0.00275039  0.06399782  27.4793340  0.13227790  0.08748538  0.01119812  1
0.91417375  0.01810507  0.00272291  0.06499825  27.4047444  0.13188206  0.08646572  0.01135408  1
0.91322465  0.01808122  0.00269542  0.06599869  27.3304037  0.13148755  0.08544947  0.01150952  1
0.91227604  0.01805726  0.00266792  0.06699876  27.2563427  0.13109367  0.08443616  0.01166437  1
0.91132691  0.01803341  0.00264044  0.06799923  27.1824967  0.13070179  0.08342667  0.01181877  1
0.91035092  0.01803301  0.00261837  0.06899768  27.1084373  0.13048251  0.08259265  0.01197246  1
0.90940232  0.01800905  0.00259087  0.06999773  27.0351154  0.13009227  0.08158916  0.01212577  1
0.90845319  0.01798520  0.00256339  0.07099821  26.9620039  0.12970400  0.08058942  0.01227864  1
0.90750404  0.01796135  0.00253590  0.07199870  26.8891340  0.12931701  0.07959298  0.01243100  1
0.90655487  0.01793749  0.00250841  0.07299920  26.8165046  0.12893130  0.07859983  0.01258286  1
0.90560625  0.01791354  0.00248091  0.07399928  26.7441485  0.12854619  0.07760955  0.01273416  1
0.90463039  0.01791314  0.00245885  0.07499760  26.6715499  0.12833267  0.07679344  0.01288480  1
0.90368122  0.01788928  0.00243137  0.07599811  26.5996369  0.12795048  0.07580980  0.01303517  1
0.90273260  0.01786533  0.00240387  0.07699818  26.5279947  0.12756889  0.07482900  0.01318497  1
0.90178341  0.01784147  0.00237638  0.07799872  26.4565523  0.12718921  0.07385179  0.01333435  1
0.90083420  0.01781762  0.00234889  0.07899926  26.3853434  0.12681076  0.07287778  0.01348324  1
0.89985904  0.01781712  0.00232682  0.07999700  26.3139654  0.12660119  0.07207578  0.01363135  1
0.89890984  0.01779326  0.00229934  0.08099754  26.2432220  0.12622495  0.07110785  0.01377927  1
0.89796063  0.01776941  0.00227185  0.08199810  26.1727086  0.12584992  0.07014307  0.01392671  1
0.89701200  0.01774545  0.00224435  0.08299818  26.1024610  0.12547548  0.06918107  0.01407360  1
0.89606276  0.01772160  0.00221686  0.08399876  26.0324046  0.12510288  0.06822254  0.01422008  1
0.89508713  0.01772120  0.00219481  0.08499684  25.9621469  0.12489845  0.06743502  0.01436585  1
0.89413789  0.01769735  0.00216732  0.08599742  25.8925445  0.12452800  0.06648243  0.01451139  1
0.89318927  0.01767339  0.00213982  0.08699750  25.8232046  0.12415812  0.06553257  0.01465638  1
0.89224001  0.01764954  0.00211233  0.08799810  25.7540503  0.12379005  0.06458611  0.01480098  1
0.89129074  0.01762568  0.00208484  0.08899872  25.6851183  0.12342317  0.06364269  0.01494511  1
0.89031585  0.01762519  0.00206278  0.08999617  25.6160277  0.12322249  0.06286861  0.01508846  1
0.88936659  0.01760133  0.00203529  0.09099677  25.5475392  0.12285770  0.06193099  0.01523167  1
0.88841731  0.01757748  0.00200780  0.09199739  25.4792697  0.12249407  0.06099636  0.01537442  1
0.88746868  0.01755352  0.00198029  0.09299749  25.4112580  0.12213100  0.06006442  0.01551664  1
0.88651938  0.01752967  0.00195280  0.09399813  25.3434239  0.12176970  0.05913576  0.01565848  1
0.88554396  0.01752927  0.00193076  0.09499599  25.2753959  0.12157389  0.05837542  0.01579961  1
0.88459466  0.01750542  0.00190327  0.09599663  25.2079944  0.12121463  0.05745241  0.01594055  1
0.88364603  0.01748146  0.00187577  0.09699672  25.1408476  0.12085591  0.05653205  0.01608096  1
0.88269671  0.01745761  0.00184828  0.09799739  25.0738732  0.12049892  0.05561488  0.01622100  1
0.88174738  0.01743375  0.00182078  0.09899806  25.0071106  0.12014306  0.05470062  0.01636061  1
0.88079873  0.01740979  0.00179328  0.09999818  24.9406005  0.11978774  0.05378898  0.01649968  1
0.87982344  0.01740940  0.00177124  0.10099590  24.8738594  0.11959695  0.05304437  0.01663814  1
0.87887410  0.01738555  0.00174375  0.10199659  24.8077284  0.11924420  0.05213849  0.01677642  1
0.87792546  0.01736159  0.00171625  0.10299669  24.7418477  0.11889197  0.05123521  0.01691419  1
0.87697609  0.01733773  0.00168875  0.10399740  24.6761317  0.11854144  0.05033502  0.01705160  1
0.87602672  0.01731388  0.00166126  0.10499812  24.6106217  0.11819201  0.04943765  0.01718858  1
0.87505226  0.01731339  0.00163921  0.10599512  24.5449686  0.11800465  0.04870552  0.01732478  1
0.87410289  0.01728953  0.00161172  0.10699583  24.4798695  0.11765716  0.04781352  0.01746091  1
0.87315351  0.01726568  0.00158423  0.10799657  24.4149733  0.11731074  0.04692429  0.01759661  1
0.87220412  0.01724182  0.00155673  0.10899731  24.3502793  0.11696541  0.04603784  0.01773189  1
0.87125546  0.01721786  0.00152923  0.10999743  24.2858306  0.11662058  0.04515393  0.01786666  1
0.87028038  0.01721748  0.00150720  0.11099493  24.2211551  0.11643772  0.04443445  0.01800081  1
0.86933098  0.01719362  0.00147970  0.11199568  24.1570636  0.11609535  0.04355599  0.01813483  1
0.86838233  0.01716966  0.00145220  0.11299579  24.0932153  0.11575348  0.04268005  0.01826835  1
0.86743291  0.01714580  0.00142471  0.11399656  24.0295198  0.11541323  0.04180703  0.01840155  1
0.86648347  0.01712195  0.00139721  0.11499735  23.9660207  0.11507403  0.04093670  0.01853433  1
0.86550928  0.01712146  0.00137517  0.11599406  23.9023879  0.11489443  0.04022914  0.01866632  1
0.86455985  0.01709761  0.00134768  0.11699485  23.8392809  0.11455708  0.03936393  0.01879828  1
0.86361041  0.01707375  0.00132018  0.11799564  23.7763678  0.11422076  0.03850138  0.01892984  1
0.86266175  0.01704979  0.00129268  0.11899576  23.7136939  0.11388493  0.03764129  0.01906090  1
0.86171228  0.01702593  0.00126518  0.11999658  23.6511659  0.11355067  0.03678402  0.01919166  1
0.86076280  0.01700207  0.00123769  0.12099742  23.5888291  0.11321743  0.03592937  0.01932201  1
0.85978796  0.01700169  0.00121566  0.12199467  23.5263167  0.11304290  0.03523622  0.01945167  1
0.85883930  0.01697774  0.00118816  0.12299479  23.4644083  0.11271092  0.03438638  0.01958113  1
0.85788981  0.01695388  0.00116066  0.12399563  23.4026413  0.11238049  0.03353929  0.01971029  1
0.85694031  0.01693002  0.00113317  0.12499648  23.3410620  0.11205106  0.03269478  0.01983906  1
0.85599164  0.01690606  0.00110566  0.12599662  23.2797174  0.11172210  0.03185268  0.01996735  1
0.85501691  0.01690568  0.00108364  0.12699376  23.2181529  0.11155118  0.03117104  0.02009503  1
0.85406740  0.01688182  0.00105614  0.12799462  23.1571332  0.11122451  0.03033395  0.02022263  1
0.85311873  0.01685786  0.00102864  0.12899475  23.0963463  0.11089830  0.02949926  0.02034975  1
0.85216920  0.01683400  0.00100114  0.12999563  23.0356945  0.11057360  0.02866723  0.02047659  1
0.85121966  0.01681014  0.00097364  0.13099653  22.9752253  0.11024987  0.02783770  0.02060304  1
0.85024504  0.01680977  0.00095162  0.13199356  22.9145870  0.11008248  0.02716728  0.02072879  1
0.84929637  0.01678581  0.00092412  0.13299368  22.8545313  0.10975995  0.02634238  0.02085439  1
0.84834682  0.01676195  0.00089662  0.13399459  22.7946066  0.10943891  0.02552008  0.02097970  1
0.84739726  0.01673809  0.00086912  0.13499551  22.7348613  0.10911883  0.02470025  0.02110464  1
0.84644857  0.01671413  0.00084162  0.13599566  22.6753445  0.10879919  0.02388275  0.02122911  1
0.84547406  0.01671376  0.00081960  0.13699256  22.6156119  0.10863523  0.02322331  0.02135298  1
0.84452449  0.01668990  0.00079210  0.13799349  22.5564013  0.10831778  0.02241057  0.02147680  1
0.84357582  0.01666594  0.00076460  0.13899363  22.4974175  0.10800078  0.02160015  0.02160015  1
0.84262622  0.01664208  0.00073710  0.13999458  22.4385586  0.10768522  0.02079224  0.02172324  1
0.84167662  0.01661822  0.00070960  0.14099555  22.3798743  0.10737059  0.01998673  0.02184596  1
0.84070314  0.01661775  0.00068758  0.14199151  22.3210782  0.10720949  0.01933793  0.02196789  1
0.83975354  0.01659389  0.00066008  0.14299247  22.2627423  0.10689650  0.01853696  0.02208988  1
0.83880393  0.01657003  0.00063258  0.14399345  22.2045787  0.10658444  0.01773836  0.02221151  1
0.83785430  0.01654616  0.00060508  0.14499444  22.1465865  0.10627330  0.01694212  0.02233279  1
0.83690561  0.01652221  0.00057758  0.14599459  22.0888169  0.10596259  0.01614814  0.02245361  1
0.83595596  0.01649834  0.00055008  0.14699560  22.0311656  0.10565327  0.01535658  0.02257417  1
0.83498168  0.01649797  0.00052806  0.14799226  21.9733550  0.10549663  0.01472046  0.02269404  1
0.83403300  0.01647402  0.00050056  0.14899241  21.9160953  0.10518843  0.01393325  0.02281379  1
0.83308334  0.01645015  0.00047306  0.14999342  21.8589510  0.10488162  0.01314842  0.02293329  1
0.83213367  0.01642629  0.00044556  0.15099446  21.8019736  0.10457570  0.01236588  0.02305245  1
0.83118497  0.01640233  0.00041805  0.15199462  21.7452156  0.10427020  0.01158557  0.02317115  1
0.83021081  0.01640197  0.00039604  0.15299116  21.6882483  0.10411674  0.01095965  0.02328927  1
0.82926113  0.01637810  0.00036854  0.15399221  21.6317691  0.10381327  0.01018373  0.02340738  1
0.82831144  0.01635424  0.00034104  0.15499326  21.5754540  0.10351069  0.00941006  0.02352515  1
0.82736274  0.01633028  0.00031354  0.15599342  21.5193560  0.10320852  0.00863859  0.02364248  1
0.82641303  0.01630642  0.00028604  0.15699450  21.4633671  0.10290769  0.00786941  0.02375957  1
0.82543897  0.01630605  0.00026403  0.15799093  21.4072247  0.10275733  0.00725345  0.02387596  1
0.82449028  0.01628210  0.00023652  0.15899108  21.3516146  0.10245757  0.00648847  0.02399227  1
0.82354056  0.01625823  0.00020902  0.15999217  21.2961109  0.10215913  0.00572573  0.02410835  1
0.82259083  0.01623437  0.00018152  0.16099327  21.2407671  0.10186155  0.00496518  0.02422409  1
0.82164212  0.01621041  0.00015402  0.16199344  21.1856373  0.10156437  0.00420680  0.02433939  1
0.82066817  0.01621005  0.00013201  0.16298975  21.1303021  0.10141704  0.00360060  0.02445411  1
0.81971843  0.01618618  0.00010451  0.16399086  21.0754352  0.10112182  0.00284639  0.02456885  1
0.81876973  0.01616223  0.00007700  0.16499102  21.0207807  0.10082698  0.00209432  0.02468316  1
0.81781997  0.01613836  0.00004950  0.16599215  20.9662274  0.10053344  0.00134442  0.02479725  1
0.81687019  0.01611450  0.00002200  0.16699329  20.9118300  0.10024074  0.00059667  0.02491101  1
0.81589635  0.01611414  0.00000000  0.16798950  20.8572847  0.10009637  0.00000000  0.02502409  1
0.81396295  0.01609018  0.00090210  0.16904476  20.7781169  0.09980469  0.02439339  0.02513709  0
0.81300733  0.01606631  0.00088010  0.17004623  20.7240714  0.09951427  0.02376460  0.02524989  0
0.81205170  0.01604245  0.00085811  0.17104773  20.6701793  0.09922469  0.02313759  0.02536236  0
0.81109716  0.01601849  0.00083611  0.17204823  20.6164965  0.09893548  0.02251226  0.02547440  0
0.81014150  0.01599462  0.00081411  0.17304974  20.5629095  0.09864753  0.02188880  0.02558624  0
0.80916198  0.01599427  0.00079759  0.17404614  20.5091787  0.09850667  0.02141449  0.02569739  0
0.80820745  0.01597031  0.00077559  0.17504664  20.4559523  0.09821971  0.02079426  0.02580848  0
0.80725179  0.01594644  0.00075359  0.17604816  20.4028192  0.09793400  0.02017587  0.02591937  0
0.80629612  0.01592258  0.00073159  0.17704969  20.3498356  0.09764909  0.01955923  0.02602995  0
0.80534157  0.01589862  0.00070959  0.17805021  20.2970586  0.09736455  0.01894423  0.02614010  0
0.80436216  0.01589826  0.00069307  0.17904649  20.2440830  0.09722650  0.01847743  0.02624968  0
0.80340648  0.01587439  0.00067108  0.18004803  20.1915457  0.09694378  0.01786577  0.02635933  0
0.80245078  0.01585053  0.00064908  0.18104959  20.1391555  0.09666186  0.01725582  0.02646867  0
0.80149623  0.01582657  0.00062708  0.18205010  20.0869699  0.09638030  0.01664750  0.02657759  0
0.80054052  0.01580270  0.00060508  0.18305168  20.0348721  0.09609995  0.01604096  0.02668633  0
0.79956122  0.01580235  0.00058856  0.18404785  19.9826359  0.09596464  0.01558151  0.02679437  0
0.79860668  0.01577839  0.00056656  0.18504835  19.9308876  0.09568524  0.01497808  0.02690238  0
0.79765095  0.01575452  0.00054456  0.18604994  19.8792250  0.09540703  0.01437640  0.02701021  0
0.79669522  0.01573066  0.00052256  0.18705154  19.8277058  0.09512959  0.01377639  0.02711773  0
0.79574066  0.01570670  0.00050056  0.18805207  19.7763884  0.09485252  0.01317798  0.02722484  0
0.79476147  0.01570635  0.00048405  0.18904812  19.7248762  0.09471989  0.01272572  0.02733139  0
0.79380573  0.01568248  0.00046205  0.19004973  19.6737849  0.09444456  0.01213049  0.02743802  0
0.79284997  0.01565861  0.00044005  0.19105135  19.6228347  0.09416999  0.01153690  0.02754436  0
0.79189541  0.01563465  0.00041805  0.19205187  19.5720844  0.09389577  0.01094490  0.02765028  0
0.79093963  0.01561078  0.00039605  0.19305352  19.5214147  0.09362271  0.01035458  0.02775604  0
0.78996055  0.01561044  0.00037954  0.19404946  19.4706115  0.09349271  0.00990936  0.02786111  0
0.78900600  0.01558648  0.00035753  0.19504997  19.4202808  0.09322056  0.00932205  0.02796616  0
0.78805022  0.01556261  0.00033553  0.19605162  19.3700284  0.09294955  0.00873639  0.02807105  0
0.78709442  0.01553874  0.00031353  0.19705329  19.3199136  0.09267929  0.00815234  0.02817564  0
0.78613985  0.01551478  0.00029153  0.19805382  19.2699961  0.09240937  0.00756985  0.02827983  0
0.78518403  0.01549091  0.00026953  0.19905551  19.2201549  0.09214058  0.00698899  0.02838386  0
0.78420507  0.01549056  0.00025302  0.20005132  19.1701834  0.09201368  0.00655205  0.02848721  0
0.78325051  0.01546661  0.00023102  0.20105184  19.1206752  0.09174578  0.00597414  0.02859054  0
0.78229469  0.01544274  0.00020902  0.20205354  19.0712412  0.09147900  0.00539782  0.02869372  0
0.78133884  0.01541887  0.00018702  0.20305525  19.0219414  0.09121294  0.00482307  0.02879662  0
0.78038299  0.01539500  0.00016502  0.20405698  18.9727754  0.09094760  0.00424988  0.02889923  0
0.77940542  0.01539456  0.00014851  0.20505148  18.9235426  0.09082281  0.00381965  0.02900105  0
0.77844957  0.01537069  0.00012651  0.20605320  18.8746435  0.09055873  0.00324937  0.02910311  0
0.77749371  0.01534682  0.00010451  0.20705494  18.8258764  0.09029535  0.00268064  0.02920490  0
0.77653914  0.01532287  0.00008250  0.20805547  18.7773024  0.09003231  0.00211343  0.02930629  0
0.77558325  0.01529899  0.00006050  0.20905723  18.7287979  0.08977035  0.00154776  0.02940753  0
0.77460452  0.01529865  0.00004400  0.21005281  18.6801680  0.08964839  0.00112411  0.02950809  0
0.77364995  0.01527469  0.00002200  0.21105334  18.6319869  0.08938728  0.00056130  0.02960866  0
0.77269406  0.01525082  0.00000000  0.21205510  18.5838734  0.08912725  0.00000000  0.02970908  0
0.77049707  0.01522695  0.00114963  0.21312633  18.5060796  0.08886792  0.02924944  0.02980923  0
0.76953665  0.01520299  0.00113313  0.21412720  18.4581859  0.08860890  0.02879090  0.02990900  0
0.76855223  0.01520265  0.00112211  0.21512299  18.4101075  0.08848933  0.02847290  0.03000821  0
0.76759048  0.01517878  0.00110561  0.21612510  18.3624082  0.08823188  0.02801676  0.03010756  0
0.76662872  0.01515491  0.00108912  0.21712723  18.3148361  0.08797513  0.02756183  0.03020665  0
0.76566831  0.01513095  0.00107262  0.21812810  18.2674534  0.08771869  0.02710799  0.03030535  0
0.76470652  0.01510708  0.00105612  0.21913025  18.2201340  0.08746330  0.02665548  0.03040391  0
0.76374473  0.01508321  0.00103963  0.22013242  18.1729403  0.08720859  0.02620417  0.03050221  0
0.76276181  0.01508278  0.00102860  0.22112679  18.1256901  0.08709148  0.02589206  0.03059971  0
0.76180002  0.01505891  0.00101210  0.22212895  18.0787471  0.08683794  0.02544296  0.03069748  0
0.76083821  0.01503504  0.00099561  0.22313112  18.0319281  0.08658507  0.02499505  0.03079500  0
0.75987779  0.01501108  0.00097911  0.22413200  17.9852963  0.08633251  0.02454822  0.03089214  0
0.75891596  0.01498721  0.00096261  0.22513419  17.9387242  0.08608097  0.02410267  0.03098915  0
0.75793178  0.01498687  0.00095159  0.22612974  17.8920348  0.08596649  0.02379552  0.03108548  0
0.75696995  0.01496300  0.00093510  0.22713193  17.8457084  0.08571610  0.02335214  0.03118198  0
0.75600953  0.01493904  0.00091860  0.22813281  17.7995676  0.08546602  0.02290983  0.03127809  0
0.75504769  0.01491517  0.00090210  0.22913503  17.7534841  0.08521694  0.02246877  0.03137408  0
0.75408582  0.01489130  0.00088560  0.23013726  17.7075214  0.08496851  0.02202887  0.03146982  0
0.75310318  0.01489088  0.00087458  0.23113134  17.6615078  0.08485591  0.02172639  0.03156475  0
0.75214133  0.01486700  0.00085808  0.23213357  17.6157860  0.08460861  0.02128861  0.03165999  0
0.75117946  0.01484313  0.00084159  0.23313581  17.5701835  0.08436195  0.02085198  0.03175498  0
0.75021903  0.01481917  0.00082509  0.23413669  17.5247645  0.08411560  0.02041640  0.03184959  0
0.74925714  0.01479530  0.00080859  0.23513895  17.4793993  0.08387023  0.01998204  0.03194409  0
0.74827317  0.01479497  0.00079757  0.23613427  17.4339212  0.08376014  0.01968431  0.03203791  0
0.74731276  0.01477101  0.00078107  0.23713515  17.3888571  0.08351553  0.01925195  0.03213179  0
0.74635086  0.01474713  0.00076457  0.23813742  17.3438451  0.08327190  0.01882080  0.03222555  0
0.74538895  0.01472326  0.00074808  0.23913970  17.2989497  0.08302890  0.01839076  0.03231906  0
0.74442702  0.01469938  0.00073158  0.24014200  17.2541704  0.08278652  0.01796183  0.03241234  0
0.74344466  0.01469897  0.00072056  0.24113579  17.2093456  0.08267823  0.01766859  0.03250481  0
0.74248274  0.01467510  0.00070406  0.24213808  17.1647980  0.08243693  0.01724171  0.03259761  0
0.74152080  0.01465122  0.00068757  0.24314039  17.1203652  0.08219626  0.01681592  0.03269016  0
0.74056037  0.01462726  0.00067107  0.24414129  17.0761121  0.08195588  0.01639117  0.03278235  0
0.73959841  0.01460339  0.00065457  0.24514361  17.0319075  0.08171644  0.01596758  0.03287443  0
0.73863644  0.01457951  0.00063807  0.24614595  16.9878162  0.08147762  0.01554507  0.03296627  0
0.73765424  0.01457910  0.00062705  0.24713958  16.9436826  0.08137186  0.01525722  0.03305731  0
0.73669228  0.01455522  0.00061056  0.24814192  16.8998178  0.08113409  0.01483671  0.03314869  0
0.73573030  0.01453135  0.00059406  0.24914427  16.8560651  0.08089693  0.01441727  0.03323983  0
0.73476831  0.01450747  0.00057756  0.25014663  16.8124240  0.08066038  0.01399890  0.03333073  0
0.73380786  0.01448351  0.00056106  0.25114755  16.7689604  0.08042411  0.01358155  0.03342127  0
0.73282425  0.01448319  0.00055005  0.25214250  16.7253245  0.08032070  0.01329813  0.03351128  0
0.73186225  0.01445931  0.00053355  0.25314487  16.6820168  0.08008579  0.01288278  0.03360150  0
0.73090180  0.01443535  0.00051705  0.25414577  16.6388856  0.07985115  0.01246845  0.03369135  0
0.72993979  0.01441148  0.00050055  0.25514817  16.5957974  0.07961743  0.01205521  0.03378110  0
0.72897775  0.01438760  0.00048405  0.25615058  16.5528184  0.07938430  0.01164303  0.03387063  0
0.72799583  0.01438720  0.00047304  0.25714392  16.5098022  0.07928256  0.01136383  0.03395936  0
0.72703380  0.01436332  0.00045654  0.25814632  16.4670411  0.07905045  0.01095356  0.03404844  0
0.72607176  0.01433944  0.00044004  0.25914874  16.4243879  0.07881892  0.01054433  0.03413729  0
0.72511131  0.01431548  0.00042354  0.26014965  16.3819092  0.07858767  0.01013609  0.03422578  0
0.72414925  0.01429161  0.00040704  0.26115209  16.3394707  0.07835730  0.00972892  0.03431419  0
0.72316585  0.01429129  0.00039603  0.26214681  16.2969301  0.07825782  0.00945396  0.03440193  0
0.72220379  0.01426741  0.00037953  0.26314925  16.2547053  0.07802846  0.00904867  0.03448989  0
0.72124334  0.01424345  0.00036303  0.26415016  16.2126537  0.07779936  0.00864437  0.03457749  0
0.72028126  0.01421957  0.00034653  0.26515262  16.1706403  0.07757114  0.00824111  0.03466501  0
0.71931916  0.01419569  0.00033003  0.26615510  16.1287320  0.07734349  0.00783886  0.03475231  0
0.71833751  0.01419529  0.00031902  0.26714815  16.0867913  0.07724561  0.00756798  0.03483881  0
0.71737542  0.01417142  0.00030252  0.26815062  16.0450928  0.07701894  0.00716758  0.03492568  0
0.71641332  0.01414754  0.00028602  0.26915310  16.0034982  0.07679284  0.00676818  0.03501232  0
0.71545286  0.01412358  0.00026952  0.27015402  15.9620749  0.07656700  0.00636975  0.03509862  0
0.71449073  0.01409970  0.00025302  0.27115653  15.9206870  0.07634202  0.00597233  0.03518484  0
0.71352859  0.01407582  0.00023652  0.27215905  15.8794019  0.07611759  0.00557590  0.03527084  0
0.71254711  0.01407542  0.00022551  0.27315193  15.8380871  0.07602198  0.00530988  0.03535605  0
0.71158497  0.01405155  0.00020901  0.27415445  15.7970071  0.07579852  0.00491526  0.03544163  0
0.71062283  0.01402767  0.00019251  0.27515697  15.7560287  0.07557560  0.00452161  0.03552699  0
0.70966067  0.01400379  0.00017601  0.27615951  15.7151515  0.07535324  0.00412894  0.03561215  0
0.70870019  0.01397983  0.00015951  0.27716045  15.6744435  0.07513114  0.00373722  0.03569695  0
0.70771714  0.01397952  0.00014851  0.27815482  15.6335715  0.07503764  0.00347515  0.03578124  0
0.70675497  0.01395564  0.00013201  0.27915736  15.5929965  0.07481676  0.00308522  0.03586576  0
0.70579451  0.01393168  0.00011551  0.28015829  15.5525898  0.07459614  0.00269624  0.03594994  0
0.70483232  0.01390780  0.00009900  0.28116086  15.5122140  0.07437635  0.00230823  0.03603406  0
0.70387011  0.01388392  0.00008250  0.28216345  15.4719372  0.07415709  0.00192116  0.03611796  0
0.70288890  0.01388352  0.00007150  0.28315605  15.4316353  0.07406509  0.00166294  0.03620107  0
0.70192671  0.01385965  0.00005500  0.28415863  15.3915561  0.07384676  0.00127762  0.03628456  0
0.70096450  0.01383577  0.00003850  0.28516122  15.3515749  0.07362896  0.00089324  0.03636785  0
0.70000227  0.01381188  0.00002200  0.28616383  15.3116913  0.07341169  0.00050980  0.03645094  0
0.69904179  0.01378792  0.00000550  0.28716478  15.2719738  0.07319467  0.00012729  0.03653369  0
