# weight fractions/chain concentrations : HOH   TMA   OH   Chain   
# 0:stable, 1:macophase instability, 2:mesophase instability
0.97526801  0.01934126  0.00439072  0.00099999  32.7458974  0.15779973  0.15616450  0.00020440  0
0.97434458  0.01931637  0.00433903  0.00200000  32.6493480  0.15728087  0.15401694  0.00040799  0
0.97342114  0.01929147  0.00428734  0.00300002  32.5531832  0.15676409  0.15187793  0.00061076  1
0.97246790  0.01929092  0.00424124  0.00399992  32.4567630  0.15644848  0.14994673  0.00081271  1
0.97154446  0.01926602  0.00418956  0.00499994  32.3613640  0.15593541  0.14782434  0.00101388  1
0.97062118  0.01924101  0.00413784  0.00599994  32.2663494  0.15542343  0.14570946  0.00121424  1
0.96969772  0.01921611  0.00408615  0.00699999  32.1717041  0.15491441  0.14360384  0.00141382  1
0.96874459  0.01921556  0.00404006  0.00799976  32.0768093  0.15460500  0.14170445  0.00161256  1
0.96782113  0.01919067  0.00398837  0.00899981  31.9829119  0.15409961  0.13961505  0.00181056  1
0.96689786  0.01916566  0.00393666  0.00999981  31.8893921  0.15359528  0.13753303  0.00200778  1
0.96597438  0.01914076  0.00388497  0.01099988  31.7962307  0.15309385  0.13546000  0.00220423  1
0.96505109  0.01911575  0.00383325  0.01199989  31.7034436  0.15259347  0.13339429  0.00239989  1
0.96409788  0.01911532  0.00378719  0.01299959  31.6103943  0.15229259  0.13153449  0.00259476  1
0.96317461  0.01909030  0.00373548  0.01399959  31.5183344  0.15179574  0.12948455  0.00278889  1
0.96225111  0.01906541  0.00368378  0.01499968  31.4266221  0.15130173  0.12744337  0.00298229  1
0.96132782  0.01904039  0.00363207  0.01599970  31.3352779  0.15080873  0.12540937  0.00317492  1
0.96037471  0.01903996  0.00358601  0.01699930  31.2436727  0.15051369  0.12357966  0.00336675  1
0.95945144  0.01901495  0.00353430  0.01799929  31.1530388  0.15002415  0.12156107  0.00355788  1
0.95852791  0.01899005  0.00348261  0.01899941  31.0627421  0.14953738  0.11955099  0.00374829  1
0.95760463  0.01896504  0.00343089  0.01999942  30.9728073  0.14905161  0.11754797  0.00393795  1
0.95668108  0.01894014  0.00337920  0.02099956  30.8832048  0.14856859  0.11555334  0.00412690  1
0.95572834  0.01893960  0.00333313  0.02199891  30.7933721  0.14827985  0.11375967  0.00431502  1
0.95480479  0.01891470  0.00328143  0.02299905  30.7044585  0.14780017  0.11177999  0.00450252  1
0.95388151  0.01888969  0.00322972  0.02399906  30.6159008  0.14732146  0.10980724  0.00468927  1
0.95295794  0.01886479  0.00317802  0.02499923  30.5276654  0.14684544  0.10784266  0.00487534  1
0.95200532  0.01886425  0.00313196  0.02599845  30.4392053  0.14656223  0.10607758  0.00506058  1
0.95108175  0.01883936  0.00308026  0.02699861  30.3516432  0.14608947  0.10412760  0.00524523  1
0.95015847  0.01881434  0.00302855  0.02799862  30.2644312  0.14561766  0.10218443  0.00542915  1
0.94923487  0.01878944  0.00297685  0.02899881  30.1775319  0.14514848  0.10024922  0.00561240  1
0.94828237  0.01878891  0.00293079  0.02999791  30.0904131  0.14487068  0.09851206  0.00579482  1
0.94735878  0.01876401  0.00287910  0.03099810  30.0041719  0.14440469  0.09659112  0.00597669  1
0.94643550  0.01873900  0.00282738  0.03199810  29.9182751  0.14393962  0.09467686  0.00615784  1
0.94551189  0.01871410  0.00277568  0.03299831  29.8326818  0.14347714  0.09277036  0.00633834  1
0.94458859  0.01868908  0.00272397  0.03399833  29.7474302  0.14301556  0.09087048  0.00651813  1
0.94363589  0.01868866  0.00267793  0.03499750  29.6619241  0.14274523  0.08916793  0.00669716  1
0.94271226  0.01866376  0.00262623  0.03599772  29.5772914  0.14228758  0.08728245  0.00687564  1
0.94178898  0.01863875  0.00257452  0.03699773  29.4929964  0.14183082  0.08540350  0.00705341  1
0.94086532  0.01861385  0.00252282  0.03799798  29.4089937  0.14137658  0.08353206  0.00723056  1
0.93991307  0.01861332  0.00247678  0.03899681  29.3247829  0.14111053  0.08185550  0.00740687  1
0.93898943  0.01858842  0.00242508  0.03999706  29.2414056  0.14065932  0.07999762  0.00758271  1
0.93806614  0.01856341  0.00237336  0.04099707  29.1583607  0.14020898  0.07814617  0.00775785  1
0.93714247  0.01853851  0.00232166  0.04199735  29.0755993  0.13976111  0.07630201  0.00793238  1
0.93621917  0.01851349  0.00226994  0.04299738  28.9931678  0.13931409  0.07446423  0.00810623  1
0.93526666  0.01851308  0.00222392  0.04399632  28.9104852  0.13905513  0.07282048  0.00827933  1
0.93434338  0.01848806  0.00217221  0.04499633  28.8286628  0.13861107  0.07099591  0.00845189  1
0.93341968  0.01846316  0.00212050  0.04599663  28.7471155  0.13816943  0.06917845  0.00862387  1
0.93249639  0.01843815  0.00206879  0.04699665  28.6658930  0.13772862  0.06736726  0.00879517  1
0.93154398  0.01843773  0.00202277  0.04799550  28.5844209  0.13747449  0.06574866  0.00896572  1
0.93062069  0.01841272  0.00197106  0.04899551  28.5037942  0.13703657  0.06395040  0.00913577  1
0.92969698  0.01838782  0.00191935  0.04999583  28.4234344  0.13660102  0.06215904  0.00930524  1
0.92877368  0.01836281  0.00186764  0.05099585  28.3433945  0.13616629  0.06037386  0.00947405  1
0.92784994  0.01833791  0.00181593  0.05199620  28.2636176  0.13573389  0.05859550  0.00964229  1
0.92689808  0.01833738  0.00176991  0.05299461  28.1836496  0.13548496  0.05700733  0.00980970  1
0.92597435  0.01831248  0.00171821  0.05399495  28.1044515  0.13505537  0.05524152  0.00997673  1
0.92505105  0.01828747  0.00166649  0.05499497  28.0255687  0.13462659  0.05348179  0.01014309  1
0.92412729  0.01826257  0.00161478  0.05599534  27.9469409  0.13420010  0.05172870  0.01030892  1
0.92317555  0.01826204  0.00156877  0.05699362  27.8681267  0.13395575  0.05016450  0.01047390  1
0.92225179  0.01823714  0.00151706  0.05799399  27.7900654  0.13353200  0.04842369  0.01063853  1
0.92132850  0.01821213  0.00146535  0.05899401  27.7123146  0.13310904  0.04668886  0.01080252  1
0.92040472  0.01818723  0.00141364  0.05999440  27.6348113  0.13268832  0.04496050  0.01096597  1
0.91945309  0.01818671  0.00136763  0.06099255  27.5571262  0.13244846  0.04341974  0.01112859  1
0.91852931  0.01816180  0.00131592  0.06199294  27.4801772  0.13203043  0.04170340  0.01129087  1
0.91760602  0.01813679  0.00126421  0.06299296  27.4035343  0.13161316  0.03999295  0.01145252  1
0.91668222  0.01811189  0.00121250  0.06399337  27.3271316  0.13119810  0.03828879  0.01161366  1
0.91575891  0.01808688  0.00116078  0.06499341  27.2510327  0.13078380  0.03659048  0.01177416  1
0.91480691  0.01808647  0.00111479  0.06599182  27.1746912  0.13055019  0.03507858  0.01193395  1
0.91388362  0.01806146  0.00106307  0.06699184  27.0991328  0.13013850  0.03339198  0.01209331  1
0.91295979  0.01803655  0.00101136  0.06799227  27.0238072  0.12972897  0.03171152  0.01225218  1
0.91203649  0.01801154  0.00095965  0.06899230  26.9487813  0.12932019  0.03003681  0.01241042  1
0.91108458  0.01801113  0.00091365  0.06999061  26.8735143  0.12909082  0.02854720  0.01256795  1
0.91016074  0.01798623  0.00086195  0.07099106  26.7989821  0.12868529  0.02688411  0.01272514  1
0.90923744  0.01796122  0.00081023  0.07199109  26.7247464  0.12828050  0.02522670  0.01288172  1
0.90831358  0.01793632  0.00075852  0.07299156  26.6507349  0.12787780  0.02357523  0.01303782  1
0.90739027  0.01791130  0.00070680  0.07399160  26.5770178  0.12747583  0.02192940  0.01319330  1
0.90643847  0.01791090  0.00066082  0.07498980  26.5030617  0.12725171  0.02046705  0.01334808  1
0.90551517  0.01788589  0.00060910  0.07598982  26.4298598  0.12685224  0.01883240  0.01350247  1
0.90459129  0.01786098  0.00055739  0.07699032  26.3568755  0.12645483  0.01720353  0.01365641  1
0.90366798  0.01783597  0.00050567  0.07799036  26.2841816  0.12605812  0.01558021  0.01380973  1
0.90271627  0.01783557  0.00045969  0.07898845  26.2112501  0.12583803  0.01413910  0.01396236  1
0.90179297  0.01781055  0.00040798  0.07998847  26.1390608  0.12544377  0.01252673  0.01411463  1
0.90086907  0.01778565  0.00035626  0.08098899  26.0670824  0.12505154  0.01091999  0.01426644  1
0.89994576  0.01776064  0.00030455  0.08198903  25.9953904  0.12466000  0.00931873  0.01441765  1
0.89899415  0.01776024  0.00025857  0.08298702  25.9234626  0.12444385  0.00789841  0.01456818  1
0.89807085  0.01773522  0.00020686  0.08398705  25.8522648  0.12405470  0.00630786  0.01471835  1
0.89714693  0.01771032  0.00015514  0.08498759  25.7812717  0.12366754  0.00472280  0.01486809  1
0.89622362  0.01768531  0.00010343  0.08598763  25.7105611  0.12328105  0.00314314  0.01501723  1
0.89529967  0.01766040  0.00005171  0.08698820  25.6400521  0.12289653  0.00156889  0.01516595  1
0.89434881  0.01765990  0.00000574  0.08798554  25.5693898  0.12268462  0.00017402  0.01531382  1
0.89288314  0.01763499  0.00046543  0.08901641  25.4839003  0.12230243  0.01407172  0.01546152  0
0.89195375  0.01760998  0.00041947  0.09001679  25.4140040  0.12192090  0.01266034  0.01560865  0
0.89102368  0.01758507  0.00037350  0.09101772  25.3443036  0.12154129  0.01125382  0.01575535  0
0.89006687  0.01758457  0.00033327  0.09201528  25.2744547  0.12133314  0.01002467  0.01590121  0
0.88913681  0.01755966  0.00028730  0.09301621  25.2052266  0.12095582  0.00862737  0.01604692  0
0.88820741  0.01753465  0.00024133  0.09401658  25.1362743  0.12057915  0.00723474  0.01619205  0
0.88727733  0.01750975  0.00019536  0.09501754  25.0675118  0.12020436  0.00584685  0.01633678  0
0.88634792  0.01748473  0.00014940  0.09601793  24.9990233  0.11983022  0.00446359  0.01648094  0
0.88539055  0.01748434  0.00010917  0.09701592  24.9303052  0.11962734  0.00325633  0.01662443  0
0.88446116  0.01745933  0.00006320  0.09801629  24.8622778  0.11925543  0.00188208  0.01676762  0
0.88353105  0.01743442  0.00001723  0.09901727  24.7944345  0.11888538  0.00051243  0.01691042  0
0.88199298  0.01740941  0.00054588  0.10005172  24.7098090  0.11851595  0.01620002  0.01705265  0
0.88102963  0.01740901  0.00051139  0.10104995  24.6418666  0.11831664  0.01515133  0.01719421  0
0.88009415  0.01738400  0.00047117  0.10205066  24.5746043  0.11794939  0.01393638  0.01733550  0
0.87915793  0.01735910  0.00043095  0.10305200  24.5075209  0.11758397  0.01272553  0.01747640  0
0.87822244  0.01733408  0.00039073  0.10405273  24.4407051  0.11721917  0.01151864  0.01761675  0
0.87728620  0.01730918  0.00035051  0.10505410  24.3740655  0.11685616  0.01031581  0.01775672  0
0.87632295  0.01730879  0.00031602  0.10605222  24.3072458  0.11666127  0.00928562  0.01789594  0
0.87538747  0.01728377  0.00027580  0.10705294  24.2410931  0.11629980  0.00809042  0.01803489  0
0.87445121  0.01725887  0.00023558  0.10805432  24.1751126  0.11594011  0.00689919  0.01817348  0
0.87351571  0.01723385  0.00019536  0.10905505  24.1093954  0.11558102  0.00571185  0.01831152  0
0.87255256  0.01723346  0.00016088  0.11005307  24.0434544  0.11538952  0.00469608  0.01844890  0
0.87161708  0.01720845  0.00012066  0.11105379  23.9781702  0.11503252  0.00351627  0.01858604  0
0.87068080  0.01718354  0.00008044  0.11205520  23.9130528  0.11467727  0.00234035  0.01872281  0
0.86974530  0.01715853  0.00004022  0.11305593  23.8481955  0.11432260  0.00116826  0.01885905  0
0.86878225  0.01715814  0.00000574  0.11405385  23.7831161  0.11413443  0.00016661  0.01899463  0
0.86714682  0.01713313  0.00062630  0.11509373  23.6995534  0.11378181  0.01813189  0.01912998  0
0.86620444  0.01710822  0.00059182  0.11609550  23.6351473  0.11343090  0.01710597  0.01926498  0
0.86526285  0.01708321  0.00055735  0.11709657  23.5709987  0.11308057  0.01608330  0.01939945  0
0.86432044  0.01705830  0.00052288  0.11809836  23.5070097  0.11273193  0.01506403  0.01953358  0
0.86335225  0.01705781  0.00049413  0.11909578  23.4428988  0.11254733  0.01421302  0.01966686  0
0.86240984  0.01703291  0.00045966  0.12009757  23.3793244  0.11220069  0.01320008  0.01980012  0
0.86146826  0.01700789  0.00042519  0.12109864  23.3160044  0.11185461  0.01219034  0.01993285  0
0.86052582  0.01698298  0.00039072  0.12210046  23.2528390  0.11151020  0.01118391  0.02006525  0
0.85955775  0.01698250  0.00036198  0.12309775  23.1895552  0.11132878  0.01034470  0.02019681  0
0.85861532  0.01695759  0.00032751  0.12409956  23.1267964  0.11098632  0.00934449  0.02032836  0
0.85767374  0.01693258  0.00029303  0.12510063  23.0642891  0.11064442  0.00834743  0.02045939  0
0.85673128  0.01690767  0.00025856  0.12610247  23.0019314  0.11030416  0.00735361  0.02059011  0
0.85578969  0.01688265  0.00022408  0.12710356  22.9398238  0.10996444  0.00636292  0.02072030  0
0.85482088  0.01688227  0.00019535  0.12810148  22.8775001  0.10978750  0.00553824  0.02084985  0
0.85387930  0.01685726  0.00016088  0.12910254  22.8157899  0.10944969  0.00455362  0.02097921  0
0.85293682  0.01683235  0.00012640  0.13010441  22.7542246  0.10911350  0.00357216  0.02110826  0
0.85199523  0.01680734  0.00009193  0.13110549  22.6929064  0.10877784  0.00259380  0.02123680  0
0.85102652  0.01680696  0.00006320  0.13210331  22.6313738  0.10860392  0.00178039  0.02136470  0
0.85008494  0.01678195  0.00002872  0.13310437  22.5704455  0.10827013  0.00080798  0.02149243  0
0.84832687  0.01675704  0.00076418  0.13415189  22.4880377  0.10793793  0.02145851  0.02161985  0
0.84737919  0.01673202  0.00073545  0.13515331  22.4273672  0.10760625  0.02061916  0.02174677  0
0.84640451  0.01673165  0.00071245  0.13615137  22.3664843  0.10743529  0.01994307  0.02187305  0
0.84545684  0.01670663  0.00068373  0.13715278  22.3061971  0.10710545  0.01910877  0.02199917  0
0.84450823  0.01668172  0.00065500  0.13815503  22.2460461  0.10677717  0.01827717  0.02212500  0
0.84356055  0.01665671  0.00062628  0.13915645  22.1861371  0.10644940  0.01744809  0.02225032  0
0.84261191  0.01663180  0.00059755  0.14015872  22.1263622  0.10612317  0.01662170  0.02237536  0
0.84163733  0.01663142  0.00057456  0.14115667  22.0664305  0.10595588  0.01595721  0.02249966  0
0.84068966  0.01660641  0.00054583  0.14215808  22.0070835  0.10563094  0.01513565  0.02262382  0
0.83974101  0.01658150  0.00051711  0.14316037  21.9478674  0.10530751  0.01431673  0.02274769  0
0.83879332  0.01655649  0.00048838  0.14416179  21.8888898  0.10498458  0.01350028  0.02287107  0
0.83781884  0.01655611  0.00046539  0.14515964  21.8297035  0.10482012  0.01284482  0.02299382  0
0.83687117  0.01653110  0.00043666  0.14616105  21.7710934  0.10449896  0.01203321  0.02311643  0
0.83592250  0.01650619  0.00040793  0.14716336  21.7126099  0.10417929  0.01122417  0.02323878  0
0.83497481  0.01648118  0.00037921  0.14816479  21.6543623  0.10386012  0.01041758  0.02336063  0
0.83402611  0.01645627  0.00035048  0.14916712  21.5962394  0.10354242  0.00961352  0.02348222  0
0.83305276  0.01645579  0.00032749  0.15016394  21.5380206  0.10338098  0.00896912  0.02360296  0
0.83210406  0.01643088  0.00029876  0.15116627  21.4802562  0.10306500  0.00816978  0.02372380  0
0.83115638  0.01640587  0.00027004  0.15216770  21.4227252  0.10274951  0.00737286  0.02384416  0
0.83020766  0.01638096  0.00024131  0.15317006  21.3653147  0.10243547  0.00657842  0.02396426  0
0.82923442  0.01638049  0.00021832  0.15416675  21.3078114  0.10227674  0.00594268  0.02408351  0
0.82828571  0.01635557  0.00018960  0.15516910  21.2507529  0.10196439  0.00515287  0.02420287  0
0.82733802  0.01633056  0.00016087  0.15617053  21.1939253  0.10165251  0.00436544  0.02432176  0
0.82638928  0.01630565  0.00013214  0.15717291  21.1372143  0.10134206  0.00358044  0.02444040  0
0.82544158  0.01628064  0.00010342  0.15817435  21.0807329  0.10103208  0.00279781  0.02455856  0
0.82446743  0.01628027  0.00008043  0.15917185  21.0240480  0.10087719  0.00217273  0.02467611  0
0.82351975  0.01625526  0.00005170  0.16017327  20.9679109  0.10056886  0.00139463  0.02479355  0
0.82257098  0.01623034  0.00002298  0.16117568  20.9118866  0.10026194  0.00061890  0.02491075  0
0.82063734  0.01620533  0.00092502  0.16223228  20.8310620  0.09995548  0.02487300  0.02502749  0
0.81965722  0.01620497  0.00090777  0.16323003  20.7749468  0.09980316  0.02437233  0.02514361  0
0.81870345  0.01617995  0.00088479  0.16423179  20.7193718  0.09949832  0.02371941  0.02525963  0
0.81774857  0.01615504  0.00086181  0.16523456  20.6639060  0.09919486  0.02306857  0.02537543  0
0.81679479  0.01613003  0.00083883  0.16623633  20.6086655  0.09889186  0.02241958  0.02549076  0
0.81581476  0.01612966  0.00082158  0.16723398  20.5532251  0.09874207  0.02192564  0.02560547  0
0.81486100  0.01610465  0.00079860  0.16823574  20.4983174  0.09844066  0.02128033  0.02572011  0
0.81390609  0.01607974  0.00077562  0.16923853  20.4435152  0.09814061  0.02063704  0.02583452  0
0.81295231  0.01605472  0.00075264  0.17024030  20.3889359  0.09784100  0.01999558  0.02594847  0
0.81199738  0.01602981  0.00072967  0.17124312  20.3344604  0.09754273  0.01935613  0.02606220  0
0.81101862  0.01602935  0.00071241  0.17223960  20.2799058  0.09739565  0.01887040  0.02617508  0
0.81006369  0.01600444  0.00068943  0.17324242  20.2257554  0.09709894  0.01823454  0.02628813  0
0.80910875  0.01597952  0.00066646  0.17424525  20.1717656  0.09680311  0.01760056  0.02640084  0
0.80815496  0.01595451  0.00064348  0.17524703  20.1179961  0.09650771  0.01696839  0.02651310  0
0.80717514  0.01595415  0.00062623  0.17624446  20.0640298  0.09636349  0.01648920  0.02662476  0
0.80622137  0.01592914  0.00060325  0.17724623  20.0105798  0.09606963  0.01586055  0.02673636  0
0.80526641  0.01590422  0.00058027  0.17824908  19.9572274  0.09577707  0.01523383  0.02684774  0
0.80431262  0.01587921  0.00055729  0.17925086  19.9040929  0.09548494  0.01460889  0.02695868  0
0.80335763  0.01585429  0.00053431  0.18025374  19.8510543  0.09519410  0.01398586  0.02706941  0
0.80237913  0.01585384  0.00051706  0.18124995  19.7979427  0.09505246  0.01351456  0.02717930  0
0.80142414  0.01582892  0.00049409  0.18225283  19.7452164  0.09476312  0.01289498  0.02728938  0
0.80047036  0.01580391  0.00047111  0.18325461  19.6927059  0.09447420  0.01227715  0.02739901  0
0.79951535  0.01577899  0.00044813  0.18425751  19.6402879  0.09418655  0.01166119  0.02750845  0
0.79853696  0.01577854  0.00043088  0.18525360  19.5877995  0.09404723  0.01119609  0.02761704  0
0.79758196  0.01575362  0.00040790  0.18625650  19.5356883  0.09376104  0.01058352  0.02772584  0
0.79662817  0.01572861  0.00038492  0.18725827  19.4837907  0.09347527  0.00997268  0.02783419  0
0.79567314  0.01570370  0.00036195  0.18826120  19.4319825  0.09319075  0.00936366  0.02794236  0
0.79469487  0.01570325  0.00034470  0.18925716  19.3801064  0.09305371  0.00890466  0.02804968  0
0.79373985  0.01567833  0.00032172  0.19026008  19.3285996  0.09277063  0.00829897  0.02815722  0
0.79278606  0.01565332  0.00029874  0.19126186  19.2773044  0.09248796  0.00769499  0.02826432  0
0.79183101  0.01562840  0.00027576  0.19226481  19.2260954  0.09220652  0.00709280  0.02837123  0
0.79087721  0.01560339  0.00025278  0.19326659  19.1750968  0.09192549  0.00649233  0.02847772  0
0.78989781  0.01560303  0.00023554  0.19426359  19.1239081  0.09179169  0.00604086  0.02858360  0
0.78894403  0.01557802  0.00021256  0.19526536  19.0732049  0.09151207  0.00544364  0.02868947  0
0.78798896  0.01555311  0.00018958  0.19626833  19.0225846  0.09123365  0.00484816  0.02879516  0
0.78703516  0.01552809  0.00016660  0.19727012  18.9721729  0.09095564  0.00425437  0.02890042  0
0.78605586  0.01552774  0.00014937  0.19826701  18.9215724  0.09082401  0.00380874  0.02900508  0
0.78510208  0.01550273  0.00012639  0.19926878  18.8714509  0.09054738  0.00321816  0.02910974  0
0.78414698  0.01547781  0.00010341  0.20027178  18.8214093  0.09027194  0.00262928  0.02921422  0
0.78319319  0.01545280  0.00008043  0.20127356  18.7715743  0.08999690  0.00204206  0.02931827  0
0.78223807  0.01542788  0.00005745  0.20227658  18.7218179  0.08972303  0.00145654  0.02942216  0
0.78126021  0.01542744  0.00004021  0.20327213  18.6720022  0.08959372  0.00101811  0.02952520  0
0.78030509  0.01540252  0.00001723  0.20427514  18.6225295  0.08932121  0.00043571  0.02962850  0
0.77810375  0.01537751  0.00117198  0.20534673  18.5435301  0.08904908  0.02958634  0.02973137  0
0.77714251  0.01535259  0.00115476  0.20635012  18.4942349  0.08877812  0.02910995  0.02983408  0
0.77615872  0.01535215  0.00114323  0.20734587  18.4448837  0.08865090  0.02877900  0.02993595  0
0.77519749  0.01532723  0.00112601  0.20834925  18.3958681  0.08838126  0.02830511  0.03003807  0
0.77423623  0.01530231  0.00110878  0.20935265  18.3469907  0.08811239  0.02783255  0.03013991  0
0.77327635  0.01527730  0.00109155  0.21035478  18.2983160  0.08784389  0.02736121  0.03024134  0
0.77229129  0.01527696  0.00108004  0.21135170  18.2494576  0.08771911  0.02703474  0.03034218  0
0.77133142  0.01525194  0.00106280  0.21235382  18.2010580  0.08745192  0.02656585  0.03044303  0
0.77037014  0.01522702  0.00104558  0.21335724  18.1527291  0.08718587  0.02609840  0.03054373  0
0.76941026  0.01520201  0.00102834  0.21435937  18.1046012  0.08692018  0.02563214  0.03064401  0
0.76844896  0.01517709  0.00101112  0.21536281  18.0565426  0.08665561  0.02516730  0.03074415  0
0.76746543  0.01517666  0.00099960  0.21635830  18.0084333  0.08653301  0.02484611  0.03084344  0
0.76650413  0.01515174  0.00098237  0.21736174  17.9606439  0.08626972  0.02438367  0.03094302  0
0.76554424  0.01512673  0.00096514  0.21836387  17.9130535  0.08600680  0.02392242  0.03104219  0
0.76458292  0.01510181  0.00094791  0.21936734  17.8655298  0.08574498  0.02346255  0.03114121  0
0.76359951  0.01510137  0.00093640  0.22036270  17.8179576  0.08562434  0.02314555  0.03123939  0
0.76263819  0.01507645  0.00091917  0.22136616  17.7706985  0.08536378  0.02268804  0.03133786  0
0.76167831  0.01505144  0.00090194  0.22236829  17.7236367  0.08510358  0.02223171  0.03143593  0
0.76071697  0.01502652  0.00088471  0.22337178  17.6766390  0.08484447  0.02177674  0.03153386  0
0.75975707  0.01500151  0.00086748  0.22437393  17.6298377  0.08458571  0.02132294  0.03163138  0
0.75877234  0.01500117  0.00085597  0.22537051  17.5828575  0.08446788  0.02101121  0.03172833  0
0.75781246  0.01497616  0.00083873  0.22637263  17.5363155  0.08421036  0.02055972  0.03182532  0
0.75685109  0.01495124  0.00082151  0.22737615  17.4898351  0.08395390  0.02010956  0.03192217  0
0.75589119  0.01492622  0.00080427  0.22837829  17.4435494  0.08369780  0.01966055  0.03201862  0
0.75490656  0.01492589  0.00079277  0.22937477  17.3970860  0.08358185  0.01935284  0.03211450  0
0.75394668  0.01490087  0.00077553  0.23037689  17.3510553  0.08332696  0.01890611  0.03221042  0
0.75298529  0.01487595  0.00075831  0.23138043  17.3050837  0.08307312  0.01846069  0.03230621  0
0.75202540  0.01485094  0.00074107  0.23238257  17.2593051  0.08281963  0.01801641  0.03240161  0
0.75106398  0.01482602  0.00072385  0.23338613  17.2135842  0.08256718  0.01757342  0.03249688  0
0.75008098  0.01482559  0.00071234  0.23438107  17.1678223  0.08245323  0.01727061  0.03259131  0
0.74911957  0.01480067  0.00069511  0.23538463  17.1223511  0.08220197  0.01682984  0.03268606  0
0.74815968  0.01477566  0.00067787  0.23638677  17.0770713  0.08195105  0.01639021  0.03278042  0
0.74719824  0.01475074  0.00066065  0.23739035  17.0318468  0.08170115  0.01595183  0.03287465  0
0.74621536  0.01475031  0.00064914  0.23838517  16.9865834  0.08158901  0.01565290  0.03296805  0
0.74525393  0.01472539  0.00063191  0.23938875  16.9416045  0.08134028  0.01521672  0.03306178  0
0.74429404  0.01470038  0.00061468  0.24039089  16.8968154  0.08109189  0.01478165  0.03315511  0
0.74333258  0.01467546  0.00059745  0.24139450  16.8520792  0.08084450  0.01434783  0.03324833  0
0.74234982  0.01467504  0.00058594  0.24238918  16.8073062  0.08073414  0.01405270  0.03334072  0
0.74138837  0.01465011  0.00056871  0.24339279  16.7628116  0.08048791  0.01362103  0.03343344  0
0.74042690  0.01462519  0.00055148  0.24439641  16.7184367  0.08024234  0.01319052  0.03352590  0
0.73946700  0.01460018  0.00053425  0.24539855  16.6742495  0.07999709  0.01276111  0.03361799  0
0.73850550  0.01457525  0.00051702  0.24640220  16.6301124  0.07975284  0.01233291  0.03370996  0
0.73752288  0.01457484  0.00050552  0.24739675  16.5859410  0.07964470  0.01204249  0.03380110  0
0.73656139  0.01454991  0.00048829  0.24840039  16.5420407  0.07940157  0.01161640  0.03389258  0
0.73560149  0.01452490  0.00047105  0.24940253  16.4983266  0.07915877  0.01119141  0.03398368  0
0.73463998  0.01449998  0.00045382  0.25040620  16.4546604  0.07891694  0.01076759  0.03407467  0
0.73365748  0.01449956  0.00044232  0.25140062  16.4109618  0.07881051  0.01048084  0.03416483  0
0.73269596  0.01447464  0.00042509  0.25240429  16.3675285  0.07856979  0.01005910  0.03425534  0
0.73173607  0.01444963  0.00040786  0.25340643  16.3242800  0.07832939  0.00963845  0.03434547  0
0.73077453  0.01442470  0.00039063  0.25441012  16.2810771  0.07808995  0.00921895  0.03443549  0
0.72981462  0.01439969  0.00037339  0.25541228  16.2380581  0.07785082  0.00880052  0.03452515  0
0.72883061  0.01439936  0.00036190  0.25640811  16.1948702  0.07774684  0.00851834  0.03461424  0
0.72787072  0.01437435  0.00034466  0.25741025  16.1520798  0.07750880  0.00810196  0.03470342  0
0.72690916  0.01434943  0.00032743  0.25841396  16.1093329  0.07727171  0.00768671  0.03479250  0
0.72594925  0.01432442  0.00031020  0.25941612  16.0667684  0.07703494  0.00727252  0.03488120  0
0.72496534  0.01432409  0.00029871  0.26041184  16.0240362  0.07693258  0.00699387  0.03496935  0
0.72400545  0.01429908  0.00028147  0.26141398  15.9816967  0.07669688  0.00658169  0.03505759  0
0.72304386  0.01427415  0.00026424  0.26241772  15.9393986  0.07646210  0.00617062  0.03514574  0
0.72208396  0.01424914  0.00024701  0.26341987  15.8972815  0.07622764  0.00576061  0.03523351  0
0.72110015  0.01424882  0.00023551  0.26441550  15.8549979  0.07612689  0.00548541  0.03532073  0
0.72014026  0.01422381  0.00021828  0.26541763  15.8131022  0.07589348  0.00507738  0.03540805  0
0.71917865  0.01419888  0.00020105  0.26642140  15.7712459  0.07566098  0.00467043  0.03549527  0
0.71821875  0.01417387  0.00018382  0.26742355  15.7295691  0.07542879  0.00426452  0.03558213  0
0.71725711  0.01414895  0.00016659  0.26842733  15.6879306  0.07519750  0.00385969  0.03566890  0
0.71627514  0.01414854  0.00015509  0.26942121  15.6462683  0.07509847  0.00358877  0.03575484  0
0.71531352  0.01412361  0.00013786  0.27042499  15.6048468  0.07486822  0.00318588  0.03584116  0
0.71435361  0.01409860  0.00012063  0.27142714  15.5636035  0.07463826  0.00278402  0.03592712  0
0.71339196  0.01407368  0.00010339  0.27243095  15.5223965  0.07440920  0.00238321  0.03601299  0
0.71241011  0.01407327  0.00009190  0.27342470  15.4811674  0.07431171  0.00211563  0.03609804  0
0.71144846  0.01404835  0.00007467  0.27442850  15.4401741  0.07408367  0.00171673  0.03618347  0
0.71048856  0.01402333  0.00005744  0.27543065  15.3993575  0.07385593  0.00131885  0.03626853  0
0.70952688  0.01399841  0.00004021  0.27643449  15.3585754  0.07362906  0.00092200  0.03635352  0
0.70856519  0.01397348  0.00002297  0.27743834  15.3178982  0.07340278  0.00052618  0.03643829  0
0.70758348  0.01397308  0.00001148  0.27843194  15.2772010  0.07330723  0.00026274  0.03652224  0
0.70492414  0.01394815  0.00159691  0.27953078  15.2001268  0.07308194  0.03647537  0.03660657  0
0.70395814  0.01392314  0.00158542  0.28053328  15.1597502  0.07285695  0.03616640  0.03669055  0
0.70299033  0.01389821  0.00157395  0.28153749  15.1194057  0.07263282  0.03585836  0.03677445  0
0.70200270  0.01389781  0.00156816  0.28253130  15.0790439  0.07253876  0.03568122  0.03685753  0
0.70103489  0.01387289  0.00155668  0.28353551  15.0389061  0.07231561  0.03537460  0.03694100  0
0.70006890  0.01384788  0.00154520  0.28453801  14.9989425  0.07209275  0.03506862  0.03702412  0
0.69910106  0.01382295  0.00153372  0.28554225  14.9590092  0.07187074  0.03476356  0.03710717  0
0.69813505  0.01379794  0.00152224  0.28654476  14.9192494  0.07164901  0.03445914  0.03718986  0
0.69714573  0.01379762  0.00151646  0.28754017  14.8793305  0.07155709  0.03428506  0.03727202  0
0.69617973  0.01377261  0.00150497  0.28854266  14.8397735  0.07133633  0.03398203  0.03735429  0
0.69521188  0.01374768  0.00149350  0.28954692  14.8002451  0.07111641  0.03367990  0.03743650  0
0.69424587  0.01372267  0.00148201  0.29054943  14.7608888  0.07089677  0.03337840  0.03751836  0
0.69325664  0.01372236  0.00147623  0.29154474  14.7213746  0.07080627  0.03320659  0.03759968  0
0.69229065  0.01369735  0.00146475  0.29254723  14.6822182  0.07058758  0.03290646  0.03768112  0
0.69132277  0.01367242  0.00145327  0.29355152  14.6430885  0.07036972  0.03260721  0.03776250  0
0.69035676  0.01364741  0.00144179  0.29455402  14.6041297  0.07015213  0.03230859  0.03784353  0
0.68936764  0.01364710  0.00143601  0.29554923  14.5650142  0.07006304  0.03213901  0.03792403  0
0.68840164  0.01362209  0.00142453  0.29655172  14.5262522  0.06984639  0.03184173  0.03800465  0
0.68743374  0.01359716  0.00141305  0.29755603  14.4875152  0.06963055  0.03154533  0.03808522  0
0.68646774  0.01357215  0.00140156  0.29855853  14.4489479  0.06941499  0.03124955  0.03816543  0
0.68549981  0.01354722  0.00139009  0.29956286  14.4104047  0.06920023  0.03095463  0.03824559  0
0.68451272  0.01354683  0.00138430  0.30055613  14.3718515  0.06911263  0.03078769  0.03832493  0
0.68354479  0.01352190  0.00137283  0.30156046  14.3335013  0.06889879  0.03049409  0.03840469  0
0.68257879  0.01349689  0.00136134  0.30256296  14.2953196  0.06868522  0.03020111  0.03848411  0
0.68161084  0.01347196  0.00134986  0.30356732  14.2571604  0.06847244  0.02990896  0.03856348  0
0.68062387  0.01347157  0.00134408  0.30456046  14.2189927  0.06838620  0.02974418  0.03864202  0
0.67965592  0.01344664  0.00133260  0.30556481  14.1810236  0.06817433  0.02945334  0.03872099  0
0.67868992  0.01342163  0.00132112  0.30656731  14.1432218  0.06796273  0.02916311  0.03879961  0
0.67772195  0.01339670  0.00130964  0.30757169  14.1054407  0.06775190  0.02887371  0.03887819  0
0.67675593  0.01337169  0.00129816  0.30857420  14.0678263  0.06754135  0.02858491  0.03895643  0
0.67576713  0.01337139  0.00129238  0.30956908  14.0300592  0.06745706  0.02842292  0.03903414  0
0.67480113  0.01334637  0.00128090  0.31057158  13.9926315  0.06724739  0.02813540  0.03911199  0
0.67383314  0.01332144  0.00126942  0.31157598  13.9552231  0.06703850  0.02784870  0.03918980  0
0.67286513  0.01329651  0.00125794  0.31258039  13.9179068  0.06683011  0.02756270  0.03926741  0
0.67187842  0.01329613  0.00125216  0.31357327  13.8805856  0.06674687  0.02740267  0.03934420  0
0.67091042  0.01327120  0.00124069  0.31457768  13.8434532  0.06653937  0.02711793  0.03942143  0
0.66994441  0.01324619  0.00122920  0.31558019  13.8064853  0.06633212  0.02683378  0.03949833  0
0.66897638  0.01322126  0.00121772  0.31658463  13.7695348  0.06612562  0.02655044  0.03957518  0
0.66798979  0.01322088  0.00121194  0.31757737  13.7325808  0.06604367  0.02639245  0.03965122  0
0.66702176  0.01319595  0.00120047  0.31858181  13.6958115  0.06583804  0.02611034  0.03972769  0
0.66605575  0.01317093  0.00118898  0.31958431  13.6592056  0.06563266  0.02582882  0.03980384  0
0.66508770  0.01314600  0.00117750  0.32058878  13.6226155  0.06542803  0.02554809  0.03987994  0
0.66412168  0.01312099  0.00116602  0.32159130  13.5861883  0.06522366  0.02526794  0.03995571  0
0.66313318  0.01312069  0.00116025  0.32258586  13.5496119  0.06514356  0.02511259  0.04003096  0
0.66216718  0.01309568  0.00114876  0.32358836  13.5133626  0.06494003  0.02483366  0.04010636  0
0.66119910  0.01307075  0.00113728  0.32459284  13.4771277  0.06473724  0.02455550  0.04018173  0
0.66023308  0.01304574  0.00112580  0.32559536  13.4410545  0.06453470  0.02427792  0.04025677  0
0.65924469  0.01304544  0.00112003  0.32658982  13.4048332  0.06445583  0.02412454  0.04033128  0
0.65827868  0.01302043  0.00110854  0.32759233  13.3689355  0.06425412  0.02384816  0.04040595  0
0.65731058  0.01299550  0.00109706  0.32859683  13.3330505  0.06405314  0.02357254  0.04048059  0
0.65634456  0.01297049  0.00108558  0.32959935  13.2973263  0.06385241  0.02329750  0.04055491  0
0.65537644  0.01294555  0.00107410  0.33060388  13.2616142  0.06365239  0.02302320  0.04062919  0
0.65439026  0.01294518  0.00106833  0.33159621  13.2259036  0.06357484  0.02287218  0.04070265  0
0.65342214  0.01292025  0.00105685  0.33260074  13.1903636  0.06337564  0.02259906  0.04077657  0
0.65245613  0.01289524  0.00104536  0.33360326  13.1549832  0.06317669  0.02232652  0.04085017  0
0.65148798  0.01287030  0.00103388  0.33460781  13.1196136  0.06297845  0.02205471  0.04092374  0
0.65050192  0.01286993  0.00102811  0.33560001  13.0842469  0.06290209  0.02190559  0.04099649  0
0.64953378  0.01284500  0.00101663  0.33660456  13.0490469  0.06270465  0.02163494  0.04106971  0
0.64856777  0.01281999  0.00100515  0.33760708  13.0140055  0.06250746  0.02136485  0.04114260  0
0.64759960  0.01279506  0.00099367  0.33861166  12.9789734  0.06231097  0.02109549  0.04121547  0
0.64663357  0.01277004  0.00098218  0.33961419  12.9440993  0.06211472  0.02082670  0.04128802  0
0.64564550  0.01276975  0.00097641  0.34060831  12.9090808  0.06204007  0.02068002  0.04136005  0
0.64467949  0.01274474  0.00096493  0.34161082  12.8743734  0.06184462  0.02041237  0.04143225  0
0.64371130  0.01271981  0.00095345  0.34261542  12.8396741  0.06164985  0.02014542  0.04150442  0
0.64274527  0.01269480  0.00094196  0.34361795  12.8051317  0.06145532  0.01987903  0.04157628  0
0.64175730  0.01269451  0.00093620  0.34461197  12.7704459  0.06138182  0.01973419  0.04164762  0
0.64079128  0.01266950  0.00092471  0.34561448  12.7360679  0.06118807  0.01946893  0.04171914  0
0.63982307  0.01264456  0.00091323  0.34661911  12.7016966  0.06099500  0.01920436  0.04179063  0
0.63885485  0.01261963  0.00090176  0.34762375  12.6674064  0.06080239  0.01894042  0.04186196  0
0.63786917  0.01261927  0.00089599  0.34861555  12.6331235  0.06072979  0.01879731  0.04193247  0
0.63690095  0.01259433  0.00088451  0.34962019  12.5989953  0.06053795  0.01853448  0.04200347  0
0.63593493  0.01256932  0.00087302  0.35062271  12.5650223  0.06034634  0.01827219  0.04207414  0
0.63496668  0.01254438  0.00086154  0.35162737  12.5310543  0.06015540  0.01801059  0.04214480  0
0.63400064  0.01251937  0.00085005  0.35262991  12.4972410  0.05996469  0.01774954  0.04221514  0
0.63301288  0.01251909  0.00084429  0.35362371  12.4632867  0.05989373  0.01760875  0.04228497  0
0.63204686  0.01249408  0.00083281  0.35462623  12.4296326  0.05970377  0.01734879  0.04235498  0
0.63107859  0.01246914  0.00082133  0.35563092  12.3959824  0.05951448  0.01708950  0.04242498  0
0.63011256  0.01244413  0.00080984  0.35663345  12.3624859  0.05932541  0.01683075  0.04249466  0
0.62912490  0.01244385  0.00080408  0.35762716  12.3288492  0.05925554  0.01669170  0.04256384  0
0.62815888  0.01241884  0.00079259  0.35862967  12.2955097  0.05906722  0.01643402  0.04263319  0
0.62719058  0.01239390  0.00078111  0.35963438  12.2621727  0.05887955  0.01617700  0.04270254  0
0.62622455  0.01236889  0.00076963  0.36063691  12.2289885  0.05869211  0.01592053  0.04277157  0
0.62525623  0.01234395  0.00075815  0.36164165  12.1958063  0.05850531  0.01566470  0.04284060  0
0.62427097  0.01234360  0.00075238  0.36263303  12.1626357  0.05843659  0.01552777  0.04290882  0
0.62392180  0.01233102  0.00074739  0.36299977  12.1506437  0.05835212  0.01541824  0.04293387  0
0.62295480  0.01230598  0.00073590  0.36400330  12.1176857  0.05816583  0.01516339  0.04300244  0
0.62198549  0.01228102  0.00072440  0.36500906  12.0847288  0.05798019  0.01490919  0.04307100  0
0.62099934  0.01228067  0.00071863  0.36600133  12.0517847  0.05791229  0.01477354  0.04313874  0
0.62003004  0.01225570  0.00070714  0.36700709  12.0189805  0.05772737  0.01452038  0.04320699  0
0.61906304  0.01223067  0.00069565  0.36801062  11.9863275  0.05754267  0.01426775  0.04327492  0
0.61809371  0.01220571  0.00068415  0.36901641  11.9536743  0.05735860  0.01401575  0.04334284  0
0.61710769  0.01220535  0.00067838  0.37000855  11.9210352  0.05729174  0.01388177  0.04340996  0
0.61613836  0.01218039  0.00066689  0.37101433  11.8885327  0.05710838  0.01363080  0.04347757  0
0.61517137  0.01215536  0.00065539  0.37201786  11.8561805  0.05692525  0.01338036  0.04354488  0
0.61420202  0.01213039  0.00064390  0.37302367  11.8238270  0.05674273  0.01313055  0.04361218  0
0.61323500  0.01210536  0.00063240  0.37402722  11.7916233  0.05656044  0.01288126  0.04367918  0
0.61224676  0.01210508  0.00062664  0.37502149  11.7592837  0.05649509  0.01274940  0.04374568  0
0.61127977  0.01208005  0.00061514  0.37602502  11.7272281  0.05631350  0.01250112  0.04381237  0
0.61031040  0.01205508  0.00060365  0.37703085  11.6951701  0.05613252  0.01225346  0.04387906  0
0.60934339  0.01203004  0.00059215  0.37803440  11.6632610  0.05595176  0.01200631  0.04394544  0
0.60835524  0.01202977  0.00058639  0.37902857  11.6312170  0.05588740  0.01187607  0.04401133  0
0.60738586  0.01200481  0.00057490  0.38003441  11.5993781  0.05570753  0.01162996  0.04407756  0
0.60641885  0.01197977  0.00056340  0.38103795  11.5676874  0.05552787  0.01138437  0.04414349  0
0.60544944  0.01195481  0.00055191  0.38204382  11.5359930  0.05534881  0.01113938  0.04420943  0
0.60448243  0.01192977  0.00054041  0.38304737  11.5044464  0.05516997  0.01089491  0.04427506  0
0.60349439  0.01192950  0.00053465  0.38404143  11.4727660  0.05510687  0.01076668  0.04434019  0
0.60252739  0.01190447  0.00052315  0.38504497  11.4413629  0.05492871  0.01052318  0.04440553  0
0.60155796  0.01187950  0.00051166  0.38605086  11.4099551  0.05475115  0.01028027  0.04447087  0
0.60059094  0.01185446  0.00050016  0.38705441  11.3786941  0.05457379  0.01003788  0.04453590  0
0.59960301  0.01185420  0.00049440  0.38804837  11.3473003  0.05451166  0.00991121  0.04460045  0
0.59863601  0.01182916  0.00048291  0.38905191  11.3161809  0.05433498  0.00966978  0.04466519  0
0.59766655  0.01180419  0.00047141  0.39005782  11.2850557  0.05415888  0.00942893  0.04472994  0
0.59669954  0.01177916  0.00045991  0.39106137  11.2540765  0.05398299  0.00918859  0.04479440  0
0.59571170  0.01177889  0.00045416  0.39205523  11.2229654  0.05392181  0.00906345  0.04485836  0
0.59474470  0.01175385  0.00044266  0.39305876  11.1921259  0.05374659  0.00882406  0.04492252  0
0.59377523  0.01172889  0.00043116  0.39406470  11.1612796  0.05357194  0.00858524  0.04498669  0
0.59280821  0.01170385  0.00041967  0.39506825  11.1305784  0.05339750  0.00834693  0.04505057  0
0.59183871  0.01167889  0.00040817  0.39607421  11.0998698  0.05322363  0.00810918  0.04511445  0
0.59085348  0.01167855  0.00040241  0.39706554  11.0691829  0.05316347  0.00798592  0.04517754  0
0.58988398  0.01165359  0.00039092  0.39807150  11.0386116  0.05299025  0.00774911  0.04524114  0
0.58891697  0.01162855  0.00037942  0.39907504  11.0081847  0.05281724  0.00751279  0.04530445  0
0.58794744  0.01160358  0.00036793  0.40008103  10.9777494  0.05264480  0.00727703  0.04536776  0
0.58696233  0.01160325  0.00036217  0.40107223  10.9473368  0.05258556  0.00715527  0.04543028  0
0.58599281  0.01157828  0.00035067  0.40207821  10.9170370  0.05241375  0.00692043  0.04549332  0
0.58502580  0.01155325  0.00033918  0.40308176  10.8868807  0.05224215  0.00668608  0.04555606  0
0.58405625  0.01152828  0.00032768  0.40408777  10.8567151  0.05207111  0.00645229  0.04561882  0
0.58308923  0.01150324  0.00031618  0.40509133  10.8266925  0.05190028  0.00621898  0.04568129  0
0.58210172  0.01150298  0.00031043  0.40608485  10.7965412  0.05184237  0.00609910  0.04574327  0
0.58113471  0.01147795  0.00029893  0.40708839  10.7666519  0.05167216  0.00586670  0.04580545  0
0.58016514  0.01145298  0.00028744  0.40809442  10.7367523  0.05150251  0.00563484  0.04586766  0
0.57919812  0.01142794  0.00027594  0.40909798  10.7069950  0.05133305  0.00540347  0.04592957  0
0.57821071  0.01142768  0.00027018  0.41009140  10.6771098  0.05127603  0.00528503  0.04599100  0
0.57724370  0.01140265  0.00025869  0.41109494  10.6474841  0.05110720  0.00505455  0.04605264  0
0.57627411  0.01137768  0.00024719  0.41210100  10.6178470  0.05093891  0.00482461  0.04611430  0
0.57530709  0.01135264  0.00023569  0.41310455  10.5883515  0.05077082  0.00459515  0.04617567  0
0.57433747  0.01132768  0.00022420  0.41411063  10.5588442  0.05060327  0.00436621  0.04623706  0
0.57335017  0.01132742  0.00021844  0.41510394  10.5292867  0.05054737  0.00424955  0.04629781  0
0.57238316  0.01130238  0.00020695  0.41610749  10.4999853  0.05038026  0.00402148  0.04635878  0
0.57141353  0.01127741  0.00019545  0.41711358  10.4706715  0.05021369  0.00379392  0.04641977  0
0.57044650  0.01125238  0.00018395  0.41811715  10.4414982  0.05004731  0.00356684  0.04648047  0
0.56945930  0.01125212  0.00017820  0.41911036  10.4121990  0.04999227  0.00345158  0.04654069  0
0.56849229  0.01122709  0.00016671  0.42011390  10.3831534  0.04982650  0.00322537  0.04660112  0
0.56752263  0.01120212  0.00015521  0.42112002  10.3540945  0.04966125  0.00299967  0.04666158  0
0.56655561  0.01117708  0.00014371  0.42212358  10.3251753  0.04949620  0.00277445  0.04672175  0
0.56556850  0.01117683  0.00013796  0.42311669  10.2961311  0.04944200  0.00266055  0.04678144  0
0.56460149  0.01115179  0.00012646  0.42412023  10.2673380  0.04927755  0.00243619  0.04684135  0
0.56363182  0.01112682  0.00011497  0.42512637  10.2385306  0.04911362  0.00221232  0.04690129  0
0.56266479  0.01110179  0.00010347  0.42612993  10.2098622  0.04894988  0.00198893  0.04696094  0
0.56169509  0.01107682  0.00009197  0.42713610  10.1811793  0.04878665  0.00176603  0.04702062  0
0.56071078  0.01107650  0.00008622  0.42812648  10.1525257  0.04873335  0.00165384  0.04707951  0
0.55974108  0.01105153  0.00007473  0.42913264  10.1239667  0.04857072  0.00143179  0.04713893  0
0.55877405  0.01102649  0.00006323  0.43013620  10.0955459  0.04840827  0.00121020  0.04719806  0
0.55780433  0.01100152  0.00005173  0.43114239  10.0671096  0.04824633  0.00098910  0.04725723  0
0.55682014  0.01100121  0.00004598  0.43213265  10.0387037  0.04819385  0.00087824  0.04731560  0
0.55585042  0.01097624  0.00003449  0.43313883  10.0103898  0.04803250  0.00065797  0.04737452  0
0.55488340  0.01095120  0.00002299  0.43414239  9.98221336  0.04787133  0.00043818  0.04743315  0
0.55391365  0.01092623  0.00001149  0.43514860  9.95402063  0.04771066  0.00021885  0.04749180  0
0.54930495  0.01090095  0.00250057  0.43729351  9.85017915  0.04749889  0.04749889  0.04760808  0
0.54833184  0.01087591  0.00249483  0.43829741  9.82218579  0.04733898  0.04733898  0.04766621  0
0.54735596  0.01085094  0.00248910  0.43930398  9.79417532  0.04717957  0.04717957  0.04772437  0
0.54638283  0.01082590  0.00248335  0.44030789  9.76630146  0.04702035  0.04702035  0.04778225  0
0.54539012  0.01082566  0.00248330  0.44130090  9.73830684  0.04696985  0.04696985  0.04783966  0
0.54441701  0.01080062  0.00247755  0.44230480  9.71055213  0.04681118  0.04681118  0.04789729  0
0.54344111  0.01077565  0.00247183  0.44331139  9.68277950  0.04665301  0.04665301  0.04795496  0
0.54246798  0.01075061  0.00246608  0.44431530  9.65514276  0.04649503  0.04649503  0.04801235  0
0.54147537  0.01075037  0.00246603  0.44530821  9.62738608  0.04644530  0.04644530  0.04806926  0
0.54050226  0.01072534  0.00246028  0.44631210  9.59986697  0.04628787  0.04628787  0.04812641  0
0.53952634  0.01070036  0.00245456  0.44731872  9.57232916  0.04613092  0.04613092  0.04818359  0
0.53855321  0.01067533  0.00244881  0.44832263  9.54492653  0.04597416  0.04597416  0.04824049  0
0.53757726  0.01065036  0.00244308  0.44932928  9.51750482  0.04581787  0.04581787  0.04829743  0
0.53658477  0.01065011  0.00244303  0.45032207  9.49004123  0.04576913  0.04576913  0.04835374  0
0.53561164  0.01062508  0.00243729  0.45132597  9.46281233  0.04561324  0.04561324  0.04841028  0
0.53463568  0.01060011  0.00243156  0.45233263  9.43556377  0.04545783  0.04545783  0.04846686  0
0.53366255  0.01057507  0.00242581  0.45333655  9.40844952  0.04530260  0.04530260  0.04852317  0
0.53267015  0.01057483  0.00242576  0.45432924  9.38121715  0.04525461  0.04525461  0.04857900  0
0.53169703  0.01054979  0.00242002  0.45533314  9.35421720  0.04509992  0.04509992  0.04863507  0
0.53072105  0.01052482  0.00241429  0.45633982  9.32719687  0.04494570  0.04494570  0.04869118  0
0.52974791  0.01049978  0.00240855  0.45734374  9.30031013  0.04479166  0.04479166  0.04874701  0
0.52877191  0.01047481  0.00240282  0.45835045  9.27340263  0.04463808  0.04463808  0.04880288  0
0.52778250  0.01047451  0.00240275  0.45934022  9.24653221  0.04459090  0.04459090  0.04885797  0
0.52680649  0.01044954  0.00239702  0.46034693  9.21973722  0.04443786  0.04443786  0.04891361  0
0.52583336  0.01042450  0.00239128  0.46135084  9.19307515  0.04428499  0.04428499  0.04896898  0
0.52485733  0.01039953  0.00238555  0.46235758  9.16639160  0.04413258  0.04413258  0.04902439  0
0.52386804  0.01039923  0.00238548  0.46334723  9.13974595  0.04408613  0.04408613  0.04907902  0
0.52289202  0.01037426  0.00237975  0.46435396  9.11317350  0.04393425  0.04393425  0.04913419  0
0.52191889  0.01034922  0.00237401  0.46535787  9.08673330  0.04378254  0.04378254  0.04918910  0
0.52094283  0.01032425  0.00236828  0.46636462  9.06027090  0.04363129  0.04363129  0.04924405  0
0.51996969  0.01029921  0.00236254  0.46736855  9.03394041  0.04348021  0.04348021  0.04929873  0
0.51897762  0.01029898  0.00236248  0.46836090  9.00749455  0.04343482  0.04343482  0.04935294  0
0.51800449  0.01027394  0.00235674  0.46936481  8.98127345  0.04328426  0.04328426  0.04940740  0
0.51702842  0.01024896  0.00235101  0.47037159  8.95502946  0.04313415  0.04313415  0.04946189  0
0.51605527  0.01022393  0.00234527  0.47137551  8.92891672  0.04298421  0.04298421  0.04951612  0
0.51506330  0.01022370  0.00234521  0.47236777  8.90268938  0.04293952  0.04293952  0.04956989  0
0.51409017  0.01019866  0.00233947  0.47337167  8.87668468  0.04279009  0.04279009  0.04962389  0
0.51311408  0.01017369  0.00233374  0.47437848  8.85065641  0.04264111  0.04264111  0.04967794  0
0.51214093  0.01014865  0.00232800  0.47538240  8.82475873  0.04249229  0.04249229  0.04973172  0
0.51114906  0.01014842  0.00232795  0.47637455  8.79874722  0.04244830  0.04244830  0.04978504  0
0.51017594  0.01012338  0.00232220  0.47737846  8.77295624  0.04229999  0.04229999  0.04983860  0
0.50919982  0.01009841  0.00231647  0.47838528  8.74714104  0.04215212  0.04215212  0.04989221  0
0.50822668  0.01007337  0.00231073  0.47938920  8.72145577  0.04200442  0.04200442  0.04994555  0
0.50725053  0.01004840  0.00230500  0.48039605  8.69574594  0.04185715  0.04185715  0.04999894  0
0.50626178  0.01004811  0.00230494  0.48138516  8.67007757  0.04181390  0.04181390  0.05005156  0
0.50528564  0.01002313  0.00229921  0.48239200  8.64447281  0.04166713  0.04166713  0.05010473  0
0.50431250  0.00999810  0.00229346  0.48339592  8.61899736  0.04152053  0.04152053  0.05015764  0
0.50333633  0.00997312  0.00228773  0.48440279  8.59349669  0.04137436  0.04137436  0.05021059  0
0.50234467  0.00997289  0.00228768  0.48539473  8.56796107  0.04133191  0.04133191  0.05026293  0
0.50137154  0.00994786  0.00228194  0.48639864  8.54264138  0.04118610  0.04118610  0.05031551  0
0.50039536  0.00992288  0.00227621  0.48740553  8.51729601  0.04104071  0.04104071  0.05036815  0
0.49942221  0.00989785  0.00227047  0.48840946  8.49207914  0.04089549  0.04089549  0.05042052  0
0.49844601  0.00987287  0.00226474  0.48941637  8.46683627  0.04075069  0.04075069  0.05047294  0
0.49745752  0.00987259  0.00226467  0.49040520  8.44163656  0.04070897  0.04070897  0.05052459  0
0.49648132  0.00984761  0.00225894  0.49141211  8.41649592  0.04056465  0.04056465  0.05057680  0
0.49550817  0.00982257  0.00225320  0.49241604  8.39148317  0.04042050  0.04042050  0.05062874  0
0.49453194  0.00979759  0.00224747  0.49342297  8.36644380  0.04027677  0.04027677  0.05068074  0
0.49354358  0.00979731  0.00224741  0.49441168  8.34144831  0.04023570  0.04023570  0.05073197  0
0.49256735  0.00977234  0.00224168  0.49541861  8.31650994  0.04009244  0.04009244  0.05078376  0
0.49159421  0.00974730  0.00223593  0.49642254  8.29169883  0.03994935  0.03994935  0.05083529  0
0.49061796  0.00972232  0.00223020  0.49742950  8.26686051  0.03980667  0.03980667  0.05088687  0
0.48962972  0.00972204  0.00223014  0.49841808  8.24206678  0.03976624  0.03976624  0.05093769  0
0.48865347  0.00969707  0.00222441  0.49942503  8.21732824  0.03962403  0.03962403  0.05098906  0
0.48768033  0.00967203  0.00221867  0.50042896  8.19271635  0.03948198  0.03948198  0.05104018  0
0.48670405  0.00964705  0.00221294  0.50143594  8.16807666  0.03934034  0.03934034  0.05109135  0
0.48573090  0.00962202  0.00220719  0.50243987  8.14356332  0.03919886  0.03919886  0.05114226  0
0.48473967  0.00962180  0.00220714  0.50343137  8.11894115  0.03915937  0.03915937  0.05119272  0
0.48376652  0.00959676  0.00220140  0.50443529  8.09452610  0.03901835  0.03901835  0.05124342  0
0.48279023  0.00957178  0.00219567  0.50544230  8.07008266  0.03887774  0.03887774  0.05129419  0
0.48181707  0.00954675  0.00218993  0.50644623  8.04576498  0.03873728  0.03873728  0.05134469  0
0.48082594  0.00954653  0.00218988  0.50743763  8.02133918  0.03869841  0.03869841  0.05139475  0
0.47985280  0.00952149  0.00218414  0.50844155  7.99711861  0.03855842  0.03855842  0.05144505  0
0.47887648  0.00949652  0.00217841  0.50944858  7.97286907  0.03841882  0.03841882  0.05149541  0
0.47790333  0.00947148  0.00217266  0.51045251  7.94874472  0.03827938  0.03827938  0.05154552  0
0.47692699  0.00944650  0.00216693  0.51145956  7.92459112  0.03814033  0.03814033  0.05159568  0
0.47593916  0.00944623  0.00216687  0.51244772  7.90048454  0.03810214  0.03810214  0.05164508  0
0.47496282  0.00942125  0.00216114  0.51345477  7.87642662  0.03796354  0.03796354  0.05169504  0
0.47398967  0.00939621  0.00215540  0.51445870  7.85249329  0.03782511  0.03782511  0.05174475  0
0.47301330  0.00937123  0.00214967  0.51546578  7.82853016  0.03768706  0.03768706  0.05179452  0
0.47202559  0.00937096  0.00214961  0.51645382  7.80461474  0.03764947  0.03764947  0.05184352  0
0.47104923  0.00934599  0.00214387  0.51746089  7.78074616  0.03751186  0.03751186  0.05189309  0
0.47007285  0.00932101  0.00213814  0.51846798  7.75692449  0.03737453  0.03737453  0.05194256  0
0.46909969  0.00929597  0.00213240  0.51947192  7.73322670  0.03723736  0.03723736  0.05199178  0
0.46812329  0.00927099  0.00212667  0.52047903  7.70949843  0.03710057  0.03710057  0.05204106  0
0.46713572  0.00927072  0.00212661  0.52146692  7.68581869  0.03706374  0.03706374  0.05208958  0
0.46615932  0.00924574  0.00212088  0.52247403  7.66218359  0.03692739  0.03692739  0.05213867  0
0.46518616  0.00922071  0.00211514  0.52347797  7.63867179  0.03679119  0.03679119  0.05218750  0
0.46420974  0.00919572  0.00210941  0.52448511  7.61512900  0.03665537  0.03665537  0.05223640  0
0.46322230  0.00919546  0.00210935  0.52547288  7.59163537  0.03661913  0.03661913  0.05228453  0
0.46224587  0.00917048  0.00210362  0.52648001  7.56818464  0.03648374  0.03648374  0.05233324  0
0.46127272  0.00914544  0.00209787  0.52748395  7.54485666  0.03634851  0.03634851  0.05238169  0
0.46029627  0.00912046  0.00209214  0.52849111  7.52149716  0.03621365  0.03621365  0.05243021  0
0.45930895  0.00912020  0.00209208  0.52947875  7.49818747  0.03617799  0.03617799  0.05247796  0
0.45833250  0.00909522  0.00208635  0.53048590  7.47491896  0.03604356  0.03604356  0.05252629  0
0.45735935  0.00907018  0.00208061  0.53148984  7.45177265  0.03590928  0.03590928  0.05257437  0
0.45638288  0.00904520  0.00207488  0.53249702  7.42859432  0.03577538  0.03577538  0.05262251  0
0.45540971  0.00902017  0.00206914  0.53350097  7.40553790  0.03564162  0.03564162  0.05267040  0
0.45441921  0.00901996  0.00206909  0.53449172  7.38237802  0.03560680  0.03560680  0.05271784  0
0.45344606  0.00899493  0.00206335  0.53549565  7.35941126  0.03547347  0.03547347  0.05276555  0
0.45246956  0.00896994  0.00205761  0.53650286  7.33641199  0.03534050  0.03534050  0.05281332  0
0.45149640  0.00894491  0.00205187  0.53750681  7.31353409  0.03520768  0.03520768  0.05286084  0
0.45050600  0.00894470  0.00205183  0.53849745  7.29055338  0.03517342  0.03517342  0.05290791  0
0.44953285  0.00891967  0.00204608  0.53950138  7.26776410  0.03504102  0.03504102  0.05295525  0
0.44855633  0.00889469  0.00204035  0.54050861  7.24494182  0.03490898  0.03490898  0.05300265  0
0.44758316  0.00886965  0.00203461  0.54151256  7.22224037  0.03477709  0.03477709  0.05304980  0
0.44660662  0.00884467  0.00202888  0.54251981  7.19950567  0.03464556  0.03464556  0.05309702  0
0.44561972  0.00884441  0.00202882  0.54350703  7.17682292  0.03461190  0.03461190  0.05314349  0
0.44464318  0.00881943  0.00202309  0.54451428  7.15417559  0.03448078  0.03448078  0.05319053  0
0.44367001  0.00879439  0.00201735  0.54551823  7.13164856  0.03434981  0.03434981  0.05323732  0
0.44269345  0.00876941  0.00201161  0.54652551  7.10908781  0.03421920  0.03421920  0.05328418  0
0.44170666  0.00876916  0.00201156  0.54751260  7.08657959  0.03418608  0.03418608  0.05333028  0
0.44073010  0.00874418  0.00200583  0.54851987  7.06410521  0.03405587  0.03405587  0.05337696  0
0.43975694  0.00871914  0.00200008  0.54952382  7.04175059  0.03392581  0.03392581  0.05342340  0
0.43878036  0.00869416  0.00199435  0.55053112  7.01936179  0.03379609  0.03379609  0.05346990  0
0.43779369  0.00869391  0.00199429  0.55151809  6.99702612  0.03376351  0.03376351  0.05351565  0
0.43681711  0.00866892  0.00198856  0.55252538  6.97472270  0.03363420  0.03363420  0.05356198  0
0.43584051  0.00864394  0.00198283  0.55353270  6.95246165  0.03350513  0.03350513  0.05360821  0
0.43486734  0.00861890  0.00197709  0.55453665  6.93031972  0.03337621  0.03337621  0.05365421  0
0.43389072  0.00859392  0.00197136  0.55554399  6.90814305  0.03324764  0.03324764  0.05370027  0
0.43290419  0.00859367  0.00197130  0.55653081  6.88602021  0.03321574  0.03321574  0.05374558  0
0.43192758  0.00856869  0.00196557  0.55753815  6.86392770  0.03308756  0.03308756  0.05379147  0
0.43095440  0.00854365  0.00195983  0.55854210  6.84195380  0.03295952  0.03295952  0.05383712  0
0.42997776  0.00851867  0.00195410  0.55954946  6.81994471  0.03283183  0.03283183  0.05388283  0
0.42899136  0.00851842  0.00195404  0.56053616  6.79799002  0.03280045  0.03280045  0.05392780  0
0.42801472  0.00849344  0.00194831  0.56154352  6.77606414  0.03267314  0.03267314  0.05397334  0
0.42704155  0.00846840  0.00194257  0.56254747  6.75425635  0.03254599  0.03254599  0.05401864  0
0.42606488  0.00844342  0.00193683  0.56355485  6.73241295  0.03241916  0.03241916  0.05406401  0
0.42509170  0.00841838  0.00193109  0.56455881  6.71068739  0.03229249  0.03229249  0.05410914  0
0.42410194  0.00841819  0.00193105  0.56554880  6.68886337  0.03226186  0.03226186  0.05415383  0
0.42312877  0.00839315  0.00192530  0.56655275  6.66721983  0.03213557  0.03213557  0.05419880  0
0.42215208  0.00836817  0.00191957  0.56756016  6.64554025  0.03200961  0.03200961  0.05424383  0
0.42117890  0.00834313  0.00191383  0.56856412  6.62397801  0.03188379  0.03188379  0.05428862  0
0.42018924  0.00834294  0.00191379  0.56955401  6.60231793  0.03185366  0.03185366  0.05433297  0
0.41921607  0.00831791  0.00190804  0.57055796  6.58083679  0.03172823  0.03172823  0.05437760  0
0.41823936  0.00829292  0.00190231  0.57156539  6.55931919  0.03160312  0.03160312  0.05442229  0
0.41726618  0.00826788  0.00189657  0.57256935  6.53791843  0.03147816  0.03147816  0.05446675  0
0.41627662  0.00826770  0.00189653  0.57355914  6.51642046  0.03144852  0.03144852  0.05451077  0
0.41530345  0.00824266  0.00189078  0.57456308  6.49509989  0.03132394  0.03132394  0.05455506  0
0.41432672  0.00821767  0.00188505  0.57557053  6.47374246  0.03119967  0.03119967  0.05459943  0
0.41335354  0.00819264  0.00187931  0.57657449  6.45250138  0.03107555  0.03107555  0.05464355  0
0.41237678  0.00816765  0.00187358  0.57758197  6.43122324  0.03095175  0.03095175  0.05468775  0
0.41139092  0.00816742  0.00187352  0.57856813  6.41000192  0.03092266  0.03092266  0.05473121  0
0.41041416  0.00814243  0.00186779  0.57957560  6.38880287  0.03079923  0.03079923  0.05477524  0
0.40944098  0.00811739  0.00186205  0.58057956  6.36771969  0.03067594  0.03067594  0.05481904  0
0.40846420  0.00809241  0.00185632  0.58158706  6.34659905  0.03055296  0.03055296  0.05486291  0
0.40747846  0.00809217  0.00185626  0.58257309  6.32553575  0.03052436  0.03052436  0.05490604  0
0.40650168  0.00806719  0.00185053  0.58358058  6.30449333  0.03040175  0.03040175  0.05494975  0
0.40552850  0.00804215  0.00184479  0.58458454  6.28356630  0.03027929  0.03027929  0.05499323  0
0.40455170  0.00801716  0.00183906  0.58559206  6.26260142  0.03015714  0.03015714  0.05503678  0
0.40357851  0.00799213  0.00183331  0.58659603  6.24175169  0.03003512  0.03003512  0.05508009  0
0.40258928  0.00799195  0.00183327  0.58758549  6.22080686  0.03000721  0.03000721  0.05512297  0
0.40161246  0.00796696  0.00182754  0.58859302  6.19995773  0.02988565  0.02988565  0.05516628  0
0.40063927  0.00794192  0.00182180  0.58959699  6.17922340  0.02976423  0.02976423  0.05520936  0
0.39966243  0.00791693  0.00181606  0.59060455  6.15845075  0.02964311  0.02964311  0.05525251  0
0.39867695  0.00791671  0.00181601  0.59159031  6.13773657  0.02961558  0.02961558  0.05529492  0
0.39770011  0.00789172  0.00181028  0.59259787  6.11704021  0.02949482  0.02949482  0.05533791  0
0.39672693  0.00786668  0.00180454  0.59360183  6.09645817  0.02937420  0.02937420  0.05538067  0
0.39575006  0.00784169  0.00179880  0.59460942  6.07583745  0.02925389  0.02925389  0.05542351  0
0.39477687  0.00781666  0.00179306  0.59561339  6.05533082  0.02913371  0.02913371  0.05546611  0
0.39378785  0.00781648  0.00179302  0.59660263  6.03473041  0.02910686  0.02910686  0.05550828  0
0.39281467  0.00779144  0.00178728  0.59760659  6.01429900  0.02898704  0.02898704  0.05555073  0
0.39183778  0.00776645  0.00178155  0.59861420  5.99382854  0.02886752  0.02886752  0.05559325  0
0.39086458  0.00774142  0.00177580  0.59961818  5.97347171  0.02874813  0.02874813  0.05563554  0
0.38987566  0.00774124  0.00177576  0.60060731  5.95302169  0.02872173  0.02872173  0.05567741  0
0.38890248  0.00771621  0.00177002  0.60161127  5.93273926  0.02860270  0.02860270  0.05571955  0
0.38792557  0.00769122  0.00176429  0.60261891  5.91241742  0.02848396  0.02848396  0.05576176  0
0.38695238  0.00766618  0.00175854  0.60362288  5.89220875  0.02836536  0.02836536  0.05580375  0
0.38596355  0.00766601  0.00175850  0.60461192  5.87190747  0.02833941  0.02833941  0.05584531  0
0.38499038  0.00764097  0.00175276  0.60561587  5.85177240  0.02822115  0.02822115  0.05588714  0
0.38401344  0.00761598  0.00174703  0.60662353  5.83159756  0.02810319  0.02810319  0.05592905  0
0.38304025  0.00759094  0.00174129  0.60762750  5.81153545  0.02798536  0.02798536  0.05597073  0
0.38206329  0.00756595  0.00173555  0.60863518  5.79143341  0.02786783  0.02786783  0.05601249  0
0.38107835  0.00756574  0.00173550  0.60962039  5.77139198  0.02784237  0.02784237  0.05605351  0
0.38010140  0.00754075  0.00172977  0.61062807  5.75136257  0.02772517  0.02772517  0.05609512  0
0.37912820  0.00751571  0.00172403  0.61163204  5.73144542  0.02760811  0.02760811  0.05613650  0
0.37815122  0.00749072  0.00171829  0.61263974  5.71148801  0.02749134  0.02749134  0.05617796  0
0.37716640  0.00749050  0.00171825  0.61362483  5.69159167  0.02746632  0.02746632  0.05621869  0
0.37618943  0.00746551  0.00171251  0.61463253  5.67170610  0.02734988  0.02734988  0.05626000  0
0.37521624  0.00744048  0.00170677  0.61563650  5.65193236  0.02723358  0.02723358  0.05630108  0
0.37423923  0.00741549  0.00170104  0.61664422  5.63211802  0.02711757  0.02711757  0.05634225  0
0.37326603  0.00739045  0.00169529  0.61764821  5.61241529  0.02700168  0.02700168  0.05638318  0
0.37227754  0.00739028  0.00169526  0.61863691  5.59262192  0.02697729  0.02697729  0.05642369  0
0.37130435  0.00736525  0.00168951  0.61964087  5.57299004  0.02686174  0.02686174  0.05646448  0
0.37032732  0.00734025  0.00168378  0.62064862  5.55331724  0.02674647  0.02674647  0.05650535  0
0.36935028  0.00731526  0.00167805  0.62165639  5.53367953  0.02663141  0.02663141  0.05654615  0
0.36836573  0.00731505  0.00167800  0.62264120  5.51410390  0.02660736  0.02660736  0.05658622  0
0.36738869  0.00729006  0.00167227  0.62364896  5.49453631  0.02649263  0.02649263  0.05662687  0
0.36641549  0.00726502  0.00166652  0.62465294  5.47507957  0.02637803  0.02637803  0.05666729  0
0.36543843  0.00724003  0.00166079  0.62566073  5.45558152  0.02626371  0.02626371  0.05670780  0
0.36445400  0.00723982  0.00166074  0.62664542  5.43614596  0.02624008  0.02624008  0.05674758  0
0.36347694  0.00721483  0.00165501  0.62765320  5.41671728  0.02612608  0.02612608  0.05678794  0
0.36250374  0.00718980  0.00164927  0.62865718  5.39739901  0.02601221  0.02601221  0.05682808  0
0.36152666  0.00716480  0.00164353  0.62966499  5.37803911  0.02589862  0.02589862  0.05686830  0
0.36055345  0.00713977  0.00163779  0.63066898  5.35878942  0.02578515  0.02578515  0.05690829  0
0.35956526  0.00713961  0.00163775  0.63165736  5.33945089  0.02576213  0.02576213  0.05694787  0
0.35859207  0.00711457  0.00163201  0.63266133  5.32026962  0.02564899  0.02564899  0.05698772  0
0.35761496  0.00708958  0.00162628  0.63366916  5.30104642  0.02553612  0.02553612  0.05702766  0
0.35664175  0.00706454  0.00162053  0.63467315  5.28193300  0.02542338  0.02542338  0.05706737  0
0.35565367  0.00706438  0.00162050  0.63566143  5.26273127  0.02540076  0.02540076  0.05710667  0
0.35468048  0.00703934  0.00161475  0.63666541  5.24368555  0.02528833  0.02528833  0.05714624  0
0.35370335  0.00701435  0.00160902  0.63767326  5.22459760  0.02517618  0.02517618  0.05718590  0
0.35273014  0.00698931  0.00160328  0.63867725  5.20561901  0.02506415  0.02506415  0.05722533  0
0.35175299  0.00696432  0.00159754  0.63968513  5.18659804  0.02495239  0.02495239  0.05726485  0
0.35076896  0.00696412  0.00159750  0.64066940  5.16764104  0.02493022  0.02493022  0.05730364  0
0.34979181  0.00693913  0.00159176  0.64167728  5.14868692  0.02481877  0.02481877  0.05734302  0
0.34881861  0.00691409  0.00158602  0.64268126  5.12984174  0.02470746  0.02470746  0.05738218  0
0.34784143  0.00688910  0.00158029  0.64368917  5.11095389  0.02459640  0.02459640  0.05742142  0
0.34685753  0.00688890  0.00158024  0.64467331  5.09213042  0.02457462  0.02457462  0.05745994  0
0.34588035  0.00686390  0.00157451  0.64568121  5.07330871  0.02446388  0.02446388  0.05749904  0
0.34490715  0.00683887  0.00156877  0.64668519  5.05459554  0.02435326  0.02435326  0.05753792  0
0.34392995  0.00681387  0.00156303  0.64769312  5.03583942  0.02424290  0.02424290  0.05757689  0
0.34295674  0.00678884  0.00155729  0.64869712  5.01719164  0.02413267  0.02413267  0.05761564  0
0.34196898  0.00678868  0.00155725  0.64968506  4.99845740  0.02411146  0.02411146  0.05765397  0
0.34099578  0.00676365  0.00155151  0.65068904  4.97987486  0.02400153  0.02400153  0.05769258  0
0.34001855  0.00673865  0.00154578  0.65169700  4.96124909  0.02389187  0.02389187  0.05773128  0
0.33904534  0.00671361  0.00154003  0.65270099  4.94273125  0.02378232  0.02378232  0.05776976  0
0.33805768  0.00671346  0.00154000  0.65368884  4.92412748  0.02376149  0.02376149  0.05780782  0
0.33708448  0.00668843  0.00153426  0.65469282  4.90567420  0.02365226  0.02365226  0.05784617  0
0.33610724  0.00666343  0.00152852  0.65570079  4.88717742  0.02354327  0.02354327  0.05788460  0
0.33512998  0.00663844  0.00152279  0.65670878  4.86871265  0.02343448  0.02343448  0.05792296  0
0.33414646  0.00663825  0.00152275  0.65769253  4.85031351  0.02341396  0.02341396  0.05796061  0
0.33316921  0.00661325  0.00151701  0.65870051  4.83191266  0.02330547  0.02330547  0.05799884  0
0.33219600  0.00658821  0.00151127  0.65970450  4.81361903  0.02319710  0.02319710  0.05803685  0
0.33121871  0.00656322  0.00150553  0.66071251  4.79528158  0.02308898  0.02308898  0.05807495  0
0.33024549  0.00653818  0.00149979  0.66171652  4.77705116  0.02298098  0.02298098  0.05811283  0
0.32925804  0.00653803  0.00149976  0.66270415  4.75873596  0.02296101  0.02296101  0.05815030  0
0.32828484  0.00651300  0.00149401  0.66370813  4.74056860  0.02285331  0.02285331  0.05818805  0
0.32730753  0.00648800  0.00148828  0.66471617  4.72235716  0.02274586  0.02274586  0.05822589  0
0.32633431  0.00646296  0.00148254  0.66572017  4.70425236  0.02263853  0.02263853  0.05826351  0
0.32534696  0.00646282  0.00148250  0.66670770  4.68606328  0.02261892  0.02261892  0.05830072  0
0.32437376  0.00643778  0.00147676  0.66771168  4.66802089  0.02251189  0.02251189  0.05833821  0
0.32339643  0.00641278  0.00147103  0.66871974  4.64993417  0.02240510  0.02240510  0.05837579  0
0.32242321  0.00638775  0.00146528  0.66972374  4.63195368  0.02229843  0.02229843  0.05841315  0
0.32144586  0.00636275  0.00145955  0.67073182  4.61392874  0.02219201  0.02219201  0.05845061  0
0.32046276  0.00636257  0.00145951  0.67171515  4.59597072  0.02217281  0.02217281  0.05848734  0
0.31948541  0.00633757  0.00145377  0.67272323  4.57800743  0.02206667  0.02206667  0.05852467  0
0.31851219  0.00631253  0.00144803  0.67372723  4.56015000  0.02196066  0.02196066  0.05856177  0
0.31753481  0.00628754  0.00144230  0.67473533  4.54224786  0.02185489  0.02185489  0.05859897  0
0.31655184  0.00628736  0.00144225  0.67571854  4.52441300  0.02183605  0.02183605  0.05863546  0
0.31557446  0.00626236  0.00143652  0.67672664  4.50657188  0.02173056  0.02173056  0.05867253  0
0.31460125  0.00623732  0.00143078  0.67773063  4.48883624  0.02162520  0.02162520  0.05870938  0
0.31362385  0.00621232  0.00142504  0.67873876  4.47105565  0.02152007  0.02152007  0.05874633  0
0.31264099  0.00621214  0.00142500  0.67972184  4.45334269  0.02150158  0.02150158  0.05878256  0
0.31166360  0.00618715  0.00141927  0.68072997  4.43562250  0.02139674  0.02139674  0.05881938  0
0.31069039  0.00616211  0.00141352  0.68173396  4.41800741  0.02129201  0.02129201  0.05885598  0
0.30971297  0.00613711  0.00140779  0.68274211  4.40034713  0.02118752  0.02118752  0.05889268  0
0.30873974  0.00611207  0.00140205  0.68374612  4.38279176  0.02108316  0.02108316  0.05892916  0
0.30775281  0.00611194  0.00140202  0.68473321  4.36515434  0.02106518  0.02106518  0.05896523  0
0.30677960  0.00608690  0.00139627  0.68573721  4.34765857  0.02096109  0.02096109  0.05900159  0
0.30580216  0.00606190  0.00139054  0.68674538  4.33011739  0.02085723  0.02085723  0.05903804  0
0.30482893  0.00603686  0.00138479  0.68774939  4.31268074  0.02075350  0.02075350  0.05907427  0
0.30384211  0.00603673  0.00138476  0.68873638  4.29516253  0.02073586  0.02073586  0.05911010  0
0.30286890  0.00601169  0.00137902  0.68974037  4.27778487  0.02063240  0.02063240  0.05914622  0
0.30189143  0.00598669  0.00137329  0.69074857  4.26036158  0.02052917  0.02052917  0.05918242  0
0.30091395  0.00596169  0.00136755  0.69175678  4.24296755  0.02042611  0.02042611  0.05921856  0
0.29994072  0.00593666  0.00136181  0.69276080  4.22567758  0.02032317  0.02032317  0.05925449  0
0.29895401  0.00593652  0.00136178  0.69374768  4.20830664  0.02030597  0.02030597  0.05929002  0
0.29798079  0.00591149  0.00135603  0.69475167  4.19107493  0.02020331  0.02020331  0.05932583  0
0.29700328  0.00588649  0.00135030  0.69575991  4.17379730  0.02010087  0.02010087  0.05936173  0
0.29603005  0.00586145  0.00134456  0.69676392  4.15662338  0.01999855  0.01999855  0.05939742  0
0.29504344  0.00586132  0.00134453  0.69775070  4.13936896  0.01998168  0.01998168  0.05943271  0
0.29407022  0.00583628  0.00133878  0.69875470  4.12225271  0.01987964  0.01987964  0.05946828  0
0.29309269  0.00581128  0.00133305  0.69976296  4.10509033  0.01977781  0.01977781  0.05950394  0
0.29211946  0.00578624  0.00132730  0.70076697  4.08803128  0.01967611  0.01967611  0.05953939  0
0.29114191  0.00576124  0.00132157  0.70177526  4.07092600  0.01957462  0.01957462  0.05957494  0
0.29015973  0.00576108  0.00132153  0.70275764  4.05389027  0.01955813  0.01955813  0.05960978  0
0.28918218  0.00573608  0.00131580  0.70376592  4.03684198  0.01945691  0.01945691  0.05964520  0
0.28820895  0.00571104  0.00131005  0.70476993  4.01989666  0.01935581  0.01935581  0.05968042  0
0.28723138  0.00568604  0.00130432  0.70577824  4.00290491  0.01925493  0.01925493  0.05971573  0
0.28624932  0.00568587  0.00130428  0.70676050  3.98598301  0.01923876  0.01923876  0.05975033  0
0.28527175  0.00566087  0.00129855  0.70776881  3.96904768  0.01913814  0.01913814  0.05978552  0
0.28429852  0.00563584  0.00129280  0.70877282  3.95221497  0.01903764  0.01903764  0.05982050  0
0.28332093  0.00561084  0.00128707  0.70978115  3.93533561  0.01893736  0.01893736  0.05985558  0
0.28233899  0.00561067  0.00128703  0.71076328  3.91852642  0.01892150  0.01892150  0.05988995  0
0.28136140  0.00558567  0.00128130  0.71177161  3.90170292  0.01882148  0.01882148  0.05992491  0
0.28038817  0.00556064  0.00127555  0.71277562  3.88498169  0.01872158  0.01872158  0.05995966  0
0.27941056  0.00553563  0.00126982  0.71378397  3.86821361  0.01862189  0.01862189  0.05999451  0
0.27843731  0.00551060  0.00126407  0.71478799  3.85154762  0.01852231  0.01852231  0.06002914  0
0.27745113  0.00551047  0.00126405  0.71577434  3.83480324  0.01850692  0.01850692  0.06006338  0
0.27647790  0.00548544  0.00125830  0.71677834  3.81819238  0.01840761  0.01840761  0.06009790  0
0.27550026  0.00546043  0.00125257  0.71778672  3.80153449  0.01830850  0.01830850  0.06013252  0
0.27452702  0.00543540  0.00124682  0.71879074  3.78497833  0.01820951  0.01820951  0.06016693  0
0.27354093  0.00543527  0.00124680  0.71977698  3.76834424  0.01819443  0.01819443  0.06020094  0
0.27256771  0.00541024  0.00124105  0.72078098  3.75184267  0.01809570  0.01809570  0.06023523  0
0.27159005  0.00538524  0.00123532  0.72178938  3.73529388  0.01799718  0.01799718  0.06026962  0
0.27061681  0.00536020  0.00122957  0.72279340  3.71884647  0.01789877  0.01789877  0.06030381  0
0.26963912  0.00533520  0.00122384  0.72380182  3.70235175  0.01780057  0.01780057  0.06033808  0
0.26865315  0.00533508  0.00122381  0.72478795  3.68585395  0.01778588  0.01778588  0.06037181  0
0.26767991  0.00531004  0.00121807  0.72579196  3.66948746  0.01768789  0.01768789  0.06040583  0
0.26670221  0.00528504  0.00121233  0.72680040  3.65307351  0.01759010  0.01759010  0.06043994  0
0.26572897  0.00526000  0.00120659  0.72780443  3.63676051  0.01749243  0.01749243  0.06047384  0
0.26474309  0.00525988  0.00120656  0.72879045  3.62037059  0.01747805  0.01747805  0.06050735  0
0.26376986  0.00523484  0.00120082  0.72979446  3.60411099  0.01738063  0.01738063  0.06054114  0
0.26279214  0.00520984  0.00119508  0.73080292  3.58780374  0.01728341  0.01728341  0.06057503  0
0.26181889  0.00518480  0.00118934  0.73180695  3.57159712  0.01718630  0.01718630  0.06060871  0
0.26083311  0.00518469  0.00118931  0.73279287  3.55531400  0.01717222  0.01717222  0.06064200  0
0.25985988  0.00515965  0.00118357  0.73379688  3.53916025  0.01707536  0.01707536  0.06067558  0
0.25888214  0.00513465  0.00117783  0.73480536  3.52295868  0.01697871  0.01697871  0.06070925  0
0.25790889  0.00510961  0.00117209  0.73580939  3.50685739  0.01688217  0.01688217  0.06074271  0
0.25693112  0.00508460  0.00116636  0.73681790  3.49070819  0.01678582  0.01678582  0.06077627  0
0.25594998  0.00508446  0.00116632  0.73779922  3.47463112  0.01677208  0.01677208  0.06080914  0
0.25497222  0.00505945  0.00116059  0.73880772  3.45853419  0.01667598  0.01667598  0.06084259  0
0.25399898  0.00503442  0.00115484  0.73981174  3.44253721  0.01658000  0.01658000  0.06087584  0
0.25302118  0.00500941  0.00114911  0.74082028  3.42649215  0.01648421  0.01648421  0.06090918  0
0.25204017  0.00500927  0.00114907  0.74180147  3.41051949  0.01647076  0.01647076  0.06094184  0
0.25106238  0.00498426  0.00114334  0.74281000  3.39452619  0.01637522  0.01637522  0.06097507  0
0.25008914  0.00495923  0.00113759  0.74381402  3.37863251  0.01627979  0.01627979  0.06100811  0
0.24911132  0.00493422  0.00113186  0.74482258  3.36269059  0.01618455  0.01618455  0.06104124  0
0.24813807  0.00490918  0.00112612  0.74582661  3.34684811  0.01608943  0.01608943  0.06107417  0
0.24715262  0.00490907  0.00112609  0.74681220  3.33093066  0.01607639  0.01607639  0.06110670  0
0.24617938  0.00488404  0.00112035  0.74781622  3.31513929  0.01598151  0.01598151  0.06113952  0
0.24520154  0.00485903  0.00111461  0.74882480  3.29929950  0.01588682  0.01588682  0.06117244  0
0.24422829  0.00483399  0.00110887  0.74982883  3.28355883  0.01579224  0.01579224  0.06120516  0
0.24324294  0.00483388  0.00110884  0.75081432  3.26774362  0.01577948  0.01577948  0.06123748  0
0.24226970  0.00480885  0.00110310  0.75181833  3.25205357  0.01568514  0.01568514  0.06127010  0
0.24129184  0.00478384  0.00109736  0.75282693  3.23631494  0.01559099  0.01559099  0.06130281  0
0.24031859  0.00475881  0.00109162  0.75383096  3.22067511  0.01549695  0.01549695  0.06133531  0
0.23933334  0.00475870  0.00109160  0.75481635  3.20496115  0.01548447  0.01548447  0.06136743  0
0.23836010  0.00473366  0.00108585  0.75582037  3.18937145  0.01539067  0.01539067  0.06139983  0
0.23738222  0.00470865  0.00108012  0.75682899  3.17373301  0.01529705  0.01529705  0.06143234  0
0.23640897  0.00468362  0.00107437  0.75783302  3.15819304  0.01520355  0.01520355  0.06146464  0
0.23543106  0.00465861  0.00106864  0.75884167  3.14260427  0.01511023  0.01511023  0.06149703  0
0.23444592  0.00465851  0.00106861  0.75982694  3.12701550  0.01509812  0.01509812  0.06152889  0
0.23347268  0.00463347  0.00106287  0.76083097  3.11154986  0.01500499  0.01500499  0.06156104  0
0.23249476  0.00460846  0.00105713  0.76183963  3.09603529  0.01491205  0.01491205  0.06159328  0
0.23152150  0.00458343  0.00105139  0.76284367  3.08061880  0.01481923  0.01481923  0.06162533  0
0.23053645  0.00458332  0.00105137  0.76382884  3.06512912  0.01480738  0.01480738  0.06165698  0
0.22956321  0.00455829  0.00104562  0.76483286  3.04976169  0.01471479  0.01471479  0.06168893  0
0.22858527  0.00453328  0.00103989  0.76584155  3.03434518  0.01462237  0.01462237  0.06172097  0
0.22761201  0.00450824  0.00103414  0.76684558  3.01902643  0.01453007  0.01453007  0.06175281  0
0.22663405  0.00448323  0.00102841  0.76785429  3.00365853  0.01443795  0.01443795  0.06178475  0
0.22565383  0.00448310  0.00102838  0.76883467  2.98836475  0.01442642  0.01442642  0.06181600  0
0.22467586  0.00445810  0.00102264  0.76984338  2.97304537  0.01433452  0.01433452  0.06184784  0
0.22370261  0.00443306  0.00101690  0.77084742  2.95782344  0.01424274  0.01424274  0.06187948  0
0.22272462  0.00440805  0.00101116  0.77185615  2.94255221  0.01415113  0.01415113  0.06191122  0
0.22174452  0.00440792  0.00101113  0.77283640  2.92735534  0.01413987  0.01413987  0.06194228  0
0.22076654  0.00438291  0.00100539  0.77384514  2.91213217  0.01404849  0.01404849  0.06197392  0
0.21979328  0.00435788  0.00099965  0.77484917  2.89700614  0.01395722  0.01395722  0.06200536  0
0.21881527  0.00433287  0.00099391  0.77585793  2.88183067  0.01386613  0.01386613  0.06203690  0
0.21784200  0.00430783  0.00098817  0.77686197  2.86675219  0.01377514  0.01377514  0.06206824  0
0.21685729  0.00430773  0.00098815  0.77784681  2.85160194  0.01376425  0.01376425  0.06209920  0
0.21588404  0.00428270  0.00098241  0.77885084  2.83657091  0.01367349  0.01367349  0.06213045  0
0.21490600  0.00425769  0.00097667  0.77985962  2.82149030  0.01358291  0.01358291  0.06216179  0
0.21393274  0.00423265  0.00097093  0.78086367  2.80650636  0.01349243  0.01349243  0.06219294  0
0.21294812  0.00423256  0.00097090  0.78184840  2.79145107  0.01348180  0.01348180  0.06222370  0
0.21197487  0.00420752  0.00096516  0.78285243  2.77651414  0.01339154  0.01339154  0.06225475  0
0.21099681  0.00418251  0.00095942  0.78386123  2.76152751  0.01330146  0.01330146  0.06228590  0
0.21002355  0.00415747  0.00095368  0.78486528  2.74663724  0.01321149  0.01321149  0.06231685  0
0.20903903  0.00415738  0.00095366  0.78584991  2.73167601  0.01320111  0.01320111  0.06234742  0
0.20806578  0.00413234  0.00094792  0.78685394  2.71683231  0.01311135  0.01311135  0.06237827  0
0.20708770  0.00410733  0.00094218  0.78786276  2.70193877  0.01302177  0.01302177  0.06240923  0
0.20611444  0.00408230  0.00093644  0.78886681  2.68714129  0.01293229  0.01293229  0.06243999  0
0.20513634  0.00405729  0.00093070  0.78987566  2.67229390  0.01284299  0.01284299  0.06247085  0
0.20415677  0.00405717  0.00093067  0.79085537  2.65752190  0.01283291  0.01283291  0.06250103  0
0.20317867  0.00403216  0.00092493  0.79186422  2.64272059  0.01274382  0.01274382  0.06253180  0
0.20220541  0.00400712  0.00091919  0.79286826  2.62801503  0.01265484  0.01265484  0.06256237  0
0.20122728  0.00398211  0.00091345  0.79387713  2.61325945  0.01256602  0.01256602  0.06259304  0
0.20024298  0.00398202  0.00091343  0.79486155  2.59850665  0.01255622  0.01255622  0.06262318  0
0.19926972  0.00395699  0.00090769  0.79586558  2.58386952  0.01246759  0.01246759  0.06265360  0
0.19829158  0.00393197  0.00090195  0.79687447  2.56918227  0.01237913  0.01237913  0.06268413  0
0.19731831  0.00390694  0.00089621  0.79787852  2.55459040  0.01229077  0.01229077  0.06271446  0
0.19634015  0.00388192  0.00089047  0.79888744  2.53994835  0.01220258  0.01220258  0.06274490  0
0.19536085  0.00388181  0.00089045  0.79986687  2.52538217  0.01219307  0.01219307  0.06277466  0
0.19438269  0.00385680  0.00088471  0.80087578  2.51078523  0.01210509  0.01210509  0.06280500  0
0.19340942  0.00383176  0.00087897  0.80187983  2.49628339  0.01201722  0.01201722  0.06283514  0
0.19243123  0.00380675  0.00087323  0.80288877  2.48173124  0.01192951  0.01192951  0.06286539  0
0.19145205  0.00380664  0.00087320  0.80386808  2.46725517  0.01192024  0.01192024  0.06289496  0
0.19047387  0.00378163  0.00086747  0.80487701  2.45274771  0.01183274  0.01183274  0.06292512  0
0.18950060  0.00375659  0.00086172  0.80588106  2.43833506  0.01174535  0.01174535  0.06295508  0
0.18852240  0.00373158  0.00085598  0.80689002  2.42387199  0.01165812  0.01165812  0.06298514  0
0.18754334  0.00373147  0.00085596  0.80786921  2.40948519  0.01164908  0.01164908  0.06301453  0
0.18656514  0.00370646  0.00085022  0.80887816  2.39506641  0.01156206  0.01156206  0.06304451  0
0.18559187  0.00368142  0.00084448  0.80988221  2.38074213  0.01147514  0.01147514  0.06307428  0
0.18461364  0.00365641  0.00083874  0.81089119  2.36636731  0.01138839  0.01138839  0.06310416  0
0.18364036  0.00363137  0.00083300  0.81189525  2.35208685  0.01130173  0.01130173  0.06313385  0
0.18265648  0.00363129  0.00083298  0.81287923  2.33773804  0.01129304  0.01129304  0.06316316  0
0.18168322  0.00360626  0.00082724  0.81388327  2.32350132  0.01120659  0.01120659  0.06319276  0
0.18070496  0.00358124  0.00082150  0.81489228  2.30921395  0.01112030  0.01112030  0.06322245  0
0.17973168  0.00355621  0.00081576  0.81589633  2.29502065  0.01103412  0.01103412  0.06325196  0
0.17874790  0.00355613  0.00081574  0.81688022  2.28075938  0.01102566  0.01102566  0.06328109  0
0.17777464  0.00353109  0.00080999  0.81788426  2.26660942  0.01093968  0.01093968  0.06331051  0
0.17679636  0.00350608  0.00080426  0.81889328  2.25240870  0.01085386  0.01085386  0.06334003  0
0.17582309  0.00348104  0.00079851  0.81989734  2.23830178  0.01076814  0.01076814  0.06336935  0
0.17484479  0.00345602  0.00079277  0.82090639  2.22414403  0.01068257  0.01068257  0.06339878  0
0.17386614  0.00345593  0.00079275  0.82188516  2.21006326  0.01067439  0.01067439  0.06342754  0
0.17288784  0.00343091  0.00078701  0.82289421  2.19594840  0.01058903  0.01058903  0.06345688  0
0.17191457  0.00340588  0.00078127  0.82389826  2.18192705  0.01050377  0.01050377  0.06348603  0
0.17093625  0.00338086  0.00077553  0.82490734  2.16785478  0.01041866  0.01041866  0.06351528  0
0.16995773  0.00338076  0.00077551  0.82588598  2.15385968  0.01041070  0.01041070  0.06354387  0
0.16897941  0.00335575  0.00076977  0.82689506  2.13982991  0.01032580  0.01032580  0.06357303  0
0.16800613  0.00333071  0.00076403  0.82789911  2.12589337  0.01024100  0.01024100  0.06360201  0
0.16702779  0.00330570  0.00075829  0.82890821  2.11190579  0.01015635  0.01015635  0.06363108  0
0.16604942  0.00328068  0.00075255  0.82991732  2.09793926  0.01007183  0.01007183  0.06366012  0
0.16507105  0.00328059  0.00075253  0.83089582  2.08405013  0.01006416  0.01006416  0.06368848  0
0.16409269  0.00325557  0.00074679  0.83190493  2.07012562  0.00997983  0.00997983  0.06371743  0
0.16311941  0.00323053  0.00074105  0.83290899  2.05629399  0.00989561  0.00989561  0.06374618  0
0.16214102  0.00320552  0.00073531  0.83391813  2.04241121  0.00981154  0.00981154  0.06377504  0
0.16116276  0.00320542  0.00073529  0.83489650  2.02860601  0.00980409  0.00980409  0.06380323  0
0.16018438  0.00318041  0.00072955  0.83590564  2.01476487  0.00972022  0.00972022  0.06383201  0
0.15921110  0.00315537  0.00072381  0.83690970  2.00101633  0.00963644  0.00963644  0.06386059  0
0.15823270  0.00313036  0.00071807  0.83791886  1.98721655  0.00955282  0.00955282  0.06388928  0
0.15725456  0.00313027  0.00071805  0.83889710  1.97349452  0.00954559  0.00954559  0.06391730  0
0.15627616  0.00310525  0.00071231  0.83990626  1.95973601  0.00946216  0.00946216  0.06394590  0
0.15530288  0.00308021  0.00070657  0.84091032  1.94606982  0.00937883  0.00937883  0.06397431  0
0.15432445  0.00305520  0.00070083  0.84191950  1.93235228  0.00929565  0.00929565  0.06400283  0
0.15335116  0.00303016  0.00069509  0.84292357  1.91872694  0.00921256  0.00921256  0.06403116  0
0.15236802  0.00303009  0.00069507  0.84390680  1.90503606  0.00920564  0.00920564  0.06405912  0
0.15139474  0.00300506  0.00068933  0.84491086  1.89145148  0.00912275  0.00912275  0.06408736  0
0.15041629  0.00298004  0.00068359  0.84592007  1.87781546  0.00904001  0.00904001  0.06411571  0
0.14944300  0.00295500  0.00067785  0.84692414  1.86427136  0.00895736  0.00895736  0.06414387  0
0.14845995  0.00295494  0.00067783  0.84790727  1.85066209  0.00895065  0.00895065  0.06417165  0
0.14748667  0.00292990  0.00067209  0.84891132  1.83715839  0.00886820  0.00886820  0.06419973  0
0.14650820  0.00290488  0.00066635  0.84992055  1.82360316  0.00878589  0.00878589  0.06422791  0
0.14553491  0.00287985  0.00066060  0.85092462  1.81013958  0.00870368  0.00870368  0.06425590  0
0.14455641  0.00285483  0.00065487  0.85193387  1.79662443  0.00862161  0.00862161  0.06428400  0
0.14357869  0.00285474  0.00065485  0.85291170  1.78318764  0.00861516  0.00861516  0.06431143  0
0.14260020  0.00282973  0.00064911  0.85392095  1.76971249  0.00853328  0.00853328  0.06433945  0
0.14162691  0.00280469  0.00064337  0.85492502  1.75632872  0.00845150  0.00845150  0.06436727  0
0.14064839  0.00277967  0.00063763  0.85593430  1.74289328  0.00836986  0.00836986  0.06439520  0
0.13967078  0.00277959  0.00063761  0.85691200  1.72953638  0.00836362  0.00836362  0.06442248  0
0.13869227  0.00275457  0.00063187  0.85792127  1.71614060  0.00828216  0.00828216  0.06445032  0
0.13771898  0.00272954  0.00062613  0.85892534  1.70283592  0.00820081  0.00820081  0.06447799  0
0.13674044  0.00270452  0.00062039  0.85993464  1.68947950  0.00811960  0.00811960  0.06450575  0
0.13576296  0.00270444  0.00062037  0.86091221  1.67620178  0.00811356  0.00811356  0.06453286  0
0.13478442  0.00267942  0.00061463  0.86192151  1.66288466  0.00803253  0.00803253  0.06456055  0
0.13380586  0.00265440  0.00060889  0.86293082  1.64958708  0.00795162  0.00795162  0.06458819  0
0.13283257  0.00262937  0.00060315  0.86393490  1.63638028  0.00787081  0.00787081  0.06461565  0
0.13185399  0.00260434  0.00059741  0.86494424  1.62312164  0.00779014  0.00779014  0.06464322  0
0.13087665  0.00260427  0.00059739  0.86592167  1.60994189  0.00778436  0.00778436  0.06467012  0
0.12989807  0.00257925  0.00059165  0.86693101  1.59672211  0.00770387  0.00770387  0.06469761  0
0.12892478  0.00255421  0.00058591  0.86793508  1.58359286  0.00762348  0.00762348  0.06472491  0
0.12794618  0.00252919  0.00058017  0.86894444  1.57041167  0.00754323  0.00754323  0.06475231  0
0.12696896  0.00252912  0.00058015  0.86992175  1.55730954  0.00753765  0.00753765  0.06477906  0
0.12599036  0.00250410  0.00057441  0.87093111  1.54416688  0.00745758  0.00745758  0.06480638  0
0.12501707  0.00247907  0.00056867  0.87193518  1.53111448  0.00737760  0.00737760  0.06483352  0
0.12403844  0.00245404  0.00056293  0.87294456  1.51801008  0.00729776  0.00729776  0.06486076  0
0.12318860  0.00243144  0.00055775  0.87382219  1.50664444  0.00722593  0.00722593  0.06488441  0
0.12220520  0.00243139  0.00055773  0.87480565  1.49355177  0.00722062  0.00722062  0.06491114  0
0.12123094  0.00240633  0.00055198  0.87581073  1.48056018  0.00714096  0.00714096  0.06493815  0
0.12025131  0.00238128  0.00054624  0.87682115  1.46751646  0.00706144  0.00706144  0.06496527  0
0.11927703  0.00235622  0.00054049  0.87782624  1.45456274  0.00698202  0.00698202  0.06499220  0
0.11829373  0.00235617  0.00054048  0.87880960  1.44154644  0.00697690  0.00697690  0.06501877  0
0.11731946  0.00233111  0.00053473  0.87981468  1.42863054  0.00689765  0.00689765  0.06504563  0
0.11633981  0.00230606  0.00052898  0.88082512  1.41566244  0.00681854  0.00681854  0.06507259  0
0.11536554  0.00228100  0.00052324  0.88183021  1.40278409  0.00673952  0.00673952  0.06509937  0
0.11438586  0.00225595  0.00051749  0.88284068  1.38985351  0.00666063  0.00666063  0.06512625  0
0.11340807  0.00225589  0.00051747  0.88381855  1.37700261  0.00665575  0.00665575  0.06515248  0
0.11242840  0.00223084  0.00051173  0.88482901  1.36410948  0.00657704  0.00657704  0.06517929  0
0.11145412  0.00220578  0.00050598  0.88583410  1.35130583  0.00649843  0.00649843  0.06520591  0
0.11047442  0.00218073  0.00050023  0.88684459  1.33844989  0.00641995  0.00641995  0.06523264  0
0.10949676  0.00218067  0.00050022  0.88782233  1.32567377  0.00641526  0.00641526  0.06525872  0
0.10851706  0.00215562  0.00049447  0.88883282  1.31285496  0.00633695  0.00633695  0.06528537  0
0.10754279  0.00213056  0.00048873  0.88983791  1.30012537  0.00625874  0.00625874  0.06531184  0
0.10656306  0.00210551  0.00048298  0.89084842  1.28734342  0.00618066  0.00618066  0.06533841  0
0.10558552  0.00210545  0.00048297  0.89182604  1.27464143  0.00617615  0.00617615  0.06536434  0
0.10460580  0.00208040  0.00047722  0.89283655  1.26189629  0.00609824  0.00609824  0.06539084  0
0.10363153  0.00205534  0.00047147  0.89384163  1.24924012  0.00602043  0.00602043  0.06541715  0
0.10265179  0.00203029  0.00046573  0.89485217  1.23653152  0.00594274  0.00594274  0.06544358  0
0.10167750  0.00200523  0.00045998  0.89585727  1.22391178  0.00586515  0.00586515  0.06546982  0
0.10069463  0.00200519  0.00045997  0.89684020  1.21123092  0.00586091  0.00586091  0.06549570  0
0.09971487  0.00198014  0.00045422  0.89785075  1.19857696  0.00578350  0.00578350  0.06552201  0
0.09874059  0.00195508  0.00044847  0.89885584  1.18601167  0.00570619  0.00570619  0.06554814  0
0.09776081  0.00193003  0.00044273  0.89986642  1.17339386  0.00562901  0.00562901  0.06557437  0
0.09678353  0.00192997  0.00044271  0.90084376  1.16085633  0.00562494  0.00562494  0.06559996  0
0.09580375  0.00190492  0.00043697  0.90185434  1.14827463  0.00554792  0.00554792  0.06562612  0
0.09482947  0.00187986  0.00043122  0.90285943  1.13578134  0.00547100  0.00547100  0.06565210  0
0.09384967  0.00185481  0.00042547  0.90387003  1.12323548  0.00539421  0.00539421  0.06567818  0
0.09287537  0.00182975  0.00041972  0.90487513  1.11077791  0.00531751  0.00531751  0.06570409  0
0.09189271  0.00182971  0.00041971  0.90585785  1.09825995  0.00531369  0.00531369  0.06572963  0
0.09091843  0.00180465  0.00041397  0.90686293  1.08583805  0.00523716  0.00523716  0.06575546  0
0.08993860  0.00177960  0.00040822  0.90787356  1.07336352  0.00516075  0.00516075  0.06578140  0
0.08896431  0.00175454  0.00040247  0.90887866  1.06097704  0.00508443  0.00508443  0.06580716  0
0.08798175  0.00175450  0.00040246  0.90986127  1.04853048  0.00508079  0.00508079  0.06583255  0
0.08700747  0.00172944  0.00039671  0.91086636  1.03617936  0.00500464  0.00500464  0.06585824  0
0.08602762  0.00170439  0.00039097  0.91187700  1.02377555  0.00492861  0.00492861  0.06588403  0
0.08505333  0.00167933  0.00038522  0.91288210  1.01145955  0.00485268  0.00485268  0.06590964  0
0.08407086  0.00167929  0.00038521  0.91386462  0.99908378  0.00484921  0.00484921  0.06593489  0
0.08309659  0.00165423  0.00037946  0.91486970  0.98680284  0.00477345  0.00477345  0.06596043  0
0.08211672  0.00162918  0.00037371  0.91588037  0.97446915  0.00469780  0.00469780  0.06598608  0
0.08114243  0.00160412  0.00036797  0.91688547  0.96222303  0.00462225  0.00462225  0.06601154  0
0.08016253  0.00157907  0.00036222  0.91789616  0.94992413  0.00454681  0.00454681  0.06603712  0
0.07918579  0.00157902  0.00036221  0.91887296  0.93770608  0.00454356  0.00454356  0.06606205  0
0.07820589  0.00155397  0.00035646  0.91988365  0.92544192  0.00446829  0.00446829  0.06608755  0
0.07723161  0.00152891  0.00035071  0.92088875  0.91326508  0.00439312  0.00439312  0.06611287  0
0.07625169  0.00150386  0.00034497  0.92189947  0.90103542  0.00431806  0.00431806  0.06613830  0
0.07527506  0.00150381  0.00034496  0.92287614  0.88888673  0.00431498  0.00431498  0.06616309  0
0.07429515  0.00147876  0.00033921  0.92388686  0.87669150  0.00424008  0.00424008  0.06618844  0
0.07332086  0.00145370  0.00033346  0.92489195  0.86458336  0.00416528  0.00416528  0.06621362  0
0.07234092  0.00142865  0.00032771  0.92590269  0.85242235  0.00409059  0.00409059  0.06623891  0
0.07136662  0.00140359  0.00032197  0.92690781  0.84034830  0.00401600  0.00401600  0.06626402  0
0.07038449  0.00140356  0.00032196  0.92788998  0.82821555  0.00401315  0.00401315  0.06628877  0
0.06941020  0.00137850  0.00031621  0.92889507  0.81617554  0.00393872  0.00393872  0.06631381  0
0.06843024  0.00135344  0.00031046  0.92990584  0.80408259  0.00386440  0.00386440  0.06633896  0
0.06745594  0.00132838  0.00030471  0.93091095  0.79207637  0.00379018  0.00379018  0.06636392  0
0.06647390  0.00132835  0.00030471  0.93189302  0.78001177  0.00378750  0.00378750  0.06638854  0
0.06549392  0.00130330  0.00029896  0.93290380  0.76796953  0.00371344  0.00371344  0.06641358  0
0.06451963  0.00127824  0.00029321  0.93390890  0.75601385  0.00363948  0.00363948  0.06643844  0
0.06353963  0.00125319  0.00028746  0.93491970  0.74400518  0.00356563  0.00356563  0.06646341  0
0.06256339  0.00125315  0.00028746  0.93589598  0.73207786  0.00356311  0.00356311  0.06648774  0
0.06158340  0.00122810  0.00028171  0.93690678  0.72010269  0.00348942  0.00348942  0.06651265  0
0.06060910  0.00120304  0.00027596  0.93791188  0.70821385  0.00341582  0.00341582  0.06653737  0
0.05962908  0.00117798  0.00027021  0.93892270  0.69627197  0.00334233  0.00334233  0.06656220  0
0.05865477  0.00115292  0.00026447  0.93992782  0.68441630  0.00326893  0.00326893  0.06658686  0
0.05767295  0.00115289  0.00026446  0.94090968  0.67250291  0.00326664  0.00326664  0.06661116  0
0.05669866  0.00112783  0.00025871  0.94191478  0.66068035  0.00319340  0.00319340  0.06663575  0
0.05571861  0.00110278  0.00025296  0.94292563  0.64880471  0.00312027  0.00312027  0.06666044  0
0.05474431  0.00107772  0.00024721  0.94393074  0.63701505  0.00304724  0.00304724  0.06668496  0
0.05376258  0.00107769  0.00024721  0.94491250  0.62516796  0.00304510  0.00304510  0.06670913  0
0.05278829  0.00105263  0.00024146  0.94591760  0.61341113  0.00297222  0.00297222  0.06673358  0
0.05180822  0.00102758  0.00023571  0.94692847  0.60160117  0.00289945  0.00289945  0.06675814  0
0.05083392  0.00100252  0.00022996  0.94793358  0.58987696  0.00282677  0.00282677  0.06678252  0
0.04985382  0.00097746  0.00022422  0.94894448  0.57809960  0.00275420  0.00275420  0.06680701  0
0.04887800  0.00097744  0.00022421  0.94992033  0.56640398  0.00275227  0.00275227  0.06683087  0
0.04789791  0.00095238  0.00021846  0.95093123  0.55465916  0.00267985  0.00267985  0.06685529  0
0.04692361  0.00092732  0.00021271  0.95193634  0.54299987  0.00260752  0.00260752  0.06687954  0
0.04594349  0.00090226  0.00020697  0.95294726  0.53128738  0.00253530  0.00253530  0.06690389  0
0.04496779  0.00090224  0.00020696  0.95392299  0.51965673  0.00253353  0.00253353  0.06692762  0
0.04398768  0.00087718  0.00020121  0.95493390  0.50797652  0.00246146  0.00246146  0.06695191  0
0.04301338  0.00085212  0.00019546  0.95593901  0.49638160  0.00238949  0.00238949  0.06697602  0
0.04203324  0.00082707  0.00018972  0.95694996  0.48473345  0.00231761  0.00231761  0.06700024  0
0.04105892  0.00080201  0.00018397  0.95795508  0.47317048  0.00224584  0.00224584  0.06702429  0
0.04007753  0.00080199  0.00018396  0.95893650  0.46155110  0.00224428  0.00224428  0.06704799  0
0.03910323  0.00077693  0.00017822  0.95994161  0.45002002  0.00217265  0.00217265  0.06707197  0
0.03812307  0.00075187  0.00017247  0.96095257  0.43843568  0.00210112  0.00210112  0.06709606  0
0.03714875  0.00072681  0.00016672  0.96195770  0.42693629  0.00202969  0.00202969  0.06711998  0
0.03616745  0.00072679  0.00016672  0.96293902  0.41538077  0.00202829  0.00202829  0.06714355  0
0.03519316  0.00070173  0.00016097  0.96394412  0.40391302  0.00195701  0.00195701  0.06716740  0
0.03421297  0.00067668  0.00015522  0.96495511  0.39239195  0.00188582  0.00188582  0.06719136  0
0.03323277  0.00065162  0.00014947  0.96596611  0.38088662  0.00181474  0.00181474  0.06721528  0
0.03225746  0.00065160  0.00014947  0.96694145  0.36946345  0.00181348  0.00181348  0.06723858  0
0.03127726  0.00062654  0.00014372  0.96795245  0.35798954  0.00174255  0.00174255  0.06726244  0
0.03030296  0.00060148  0.00013797  0.96895757  0.34660020  0.00167170  0.00167170  0.06728613  0
0.02932274  0.00057643  0.00013222  0.96996859  0.33515750  0.00160096  0.00160096  0.06730992  0
0.02834842  0.00055137  0.00012647  0.97097372  0.32379926  0.00153030  0.00153030  0.06733355  0
0.02736733  0.00055135  0.00012647  0.97195483  0.31238553  0.00152925  0.00152925  0.06735682  0
0.02639302  0.00052629  0.00012072  0.97295994  0.30105834  0.00145875  0.00145875  0.06738038  0
0.02541278  0.00050123  0.00011497  0.97397099  0.28967777  0.00138834  0.00138834  0.06740405  0
0.02443846  0.00047617  0.00010923  0.97497612  0.27838143  0.00131802  0.00131802  0.06742754  0
0.02345747  0.00047616  0.00010922  0.97595712  0.26702989  0.00131712  0.00131712  0.06745069  0
0.02248317  0.00045110  0.00010347  0.97696223  0.25576435  0.00124695  0.00124695  0.06747412  0
0.02150290  0.00042604  0.00009773  0.97797331  0.24444540  0.00117688  0.00117688  0.06749766  0
0.02052859  0.00040098  0.00009198  0.97897843  0.23321046  0.00110690  0.00110690  0.06752103  0
0.01954830  0.00037592  0.00008623  0.97998953  0.22192209  0.00103701  0.00103701  0.06754451  0
0.01857339  0.00037591  0.00008623  0.98096445  0.21071620  0.00103630  0.00103630  0.06756736  0
0.01759311  0.00035086  0.00008048  0.98197554  0.19945837  0.00096656  0.00096656  0.06759077  0
0.01661879  0.00032579  0.00007473  0.98298066  0.18828433  0.00089692  0.00089692  0.06761401  0
0.01563848  0.00030074  0.00006898  0.98399179  0.17705683  0.00082736  0.00082736  0.06763736  0
0.01466370  0.00030073  0.00006898  0.98496658  0.16591190  0.00082680  0.00082680  0.06766008  0
0.01368339  0.00027567  0.00006323  0.98597769  0.15471469  0.00075739  0.00075739  0.06768337  0
0.01270907  0.00025061  0.00005748  0.98698282  0.14360106  0.00068807  0.00068807  0.06770649  0
0.01172874  0.00022555  0.00005173  0.98799396  0.13243394  0.00061885  0.00061885  0.06772971  0
0.01075408  0.00022554  0.00005173  0.98896863  0.12134948  0.00061842  0.00061842  0.06775231  0
0.00977375  0.00020048  0.00004599  0.98997977  0.11021240  0.00054934  0.00054934  0.06777547  0
0.00879944  0.00017542  0.00004024  0.99098489  0.09915869  0.00048035  0.00048035  0.06779847  0
0.00781908  0.00015036  0.00003449  0.99199605  0.08805146  0.00041145  0.00041145  0.06782157  0
0.00684475  0.00012530  0.00002874  0.99300119  0.07702749  0.00034264  0.00034264  0.06784450  0
0.00586419  0.00012530  0.00002874  0.99398176  0.06594955  0.00034241  0.00034241  0.06786708  0
0.00488988  0.00010024  0.00002299  0.99498688  0.05495527  0.00027374  0.00027374  0.06788995  0
0.00390950  0.00007518  0.00001724  0.99599806  0.04390745  0.00020517  0.00020517  0.06791293  0
0.00293517  0.00005012  0.00001149  0.99700320  0.03294268  0.00013669  0.00013669  0.06793573  0
0.00195471  0.00005012  0.00001149  0.99798367  0.02192420  0.00013659  0.00013659  0.06795820  0
0.00098040  0.00002506  0.00000574  0.99898878  0.01098888  0.00006825  0.00006825  0.06798094  0
