# weight fractions/chain concentrations : HOH   TMA   OH   Chain   
# 0:stable, 1:macophase instability, 2:mesophase instability
0.97530876  0.01932943  0.00436178  0.00100001  32.7425356  0.15768038  0.15511299  0.00021394  0
0.97438169  0.01932886  0.00428946  0.00199996  32.6417052  0.15733977  0.15221609  0.00042697  0
0.97348606  0.01930269  0.00421127  0.00299996  32.5419853  0.15679085  0.14912174  0.00063909  0
0.97259026  0.01927665  0.00413310  0.00399998  32.4426846  0.15624527  0.14604150  0.00085031  0
0.97169461  0.01925048  0.00405490  0.00499999  32.3438111  0.15570102  0.14297341  0.00106063  0
0.97076766  0.01924992  0.00398259  0.00599981  32.2446916  0.15536754  0.14012712  0.00127003  0
0.96987184  0.01922387  0.00390442  0.00699985  32.1466502  0.15482843  0.13708547  0.00147857  0
0.96897621  0.01919770  0.00382622  0.00799985  32.0490300  0.15429062  0.13405579  0.00168623  0
0.96808056  0.01917153  0.00374802  0.00899986  31.9518213  0.15375508  0.13103887  0.00189301  0
0.96715352  0.01917109  0.00367575  0.00999962  31.8543601  0.15342951  0.12824272  0.00209889  0
0.96625789  0.01914493  0.00359755  0.01099962  31.7579694  0.15289803  0.12525072  0.00230394  0
0.96536225  0.01911876  0.00351935  0.01199962  31.6619825  0.15236878  0.12227124  0.00250812  0
0.96443529  0.01911832  0.00344708  0.01299929  31.5657437  0.15204817  0.11951111  0.00271142  0
0.96353967  0.01909215  0.00336888  0.01399928  31.4705595  0.15152291  0.11655608  0.00291390  0
0.96264404  0.01906598  0.00329069  0.01499927  31.3757715  0.15099983  0.11361335  0.00311553  0
0.96174816  0.01903994  0.00321251  0.01599937  31.2813643  0.15047986  0.11068353  0.00331636  0
0.96082154  0.01903938  0.00314023  0.01699884  31.1867319  0.15016492  0.10796982  0.00351625  0
0.95992591  0.01901321  0.00306203  0.01799882  31.0931204  0.14964791  0.10506315  0.00371539  0
0.95903002  0.01898717  0.00298386  0.01899893  30.9998809  0.14913395  0.10216911  0.00391373  0
0.95813439  0.01896100  0.00290566  0.01999894  30.9070395  0.14862118  0.09928635  0.00411123  0
0.95720788  0.01896044  0.00283339  0.02099827  30.8139634  0.14831269  0.09661864  0.00430783  0
0.95631198  0.01893440  0.00275521  0.02199840  30.7218700  0.14780464  0.09375973  0.00450374  0
0.95541635  0.01890823  0.00267701  0.02299839  30.6301692  0.14729775  0.09091192  0.00469881  0
0.95452071  0.01888206  0.00259881  0.02399840  30.5388431  0.14679293  0.08807576  0.00489309  0
0.95359403  0.01888163  0.00252657  0.02499776  30.4472676  0.14649162  0.08545344  0.00508651  0
0.95269840  0.01885546  0.00244837  0.02599775  30.3566866  0.14599051  0.08263997  0.00527921  0
0.95180277  0.01882929  0.00237017  0.02699774  30.2664734  0.14549143  0.07983791  0.00547112  0
0.95090682  0.01880325  0.00229199  0.02799792  30.1766066  0.14499525  0.07704768  0.00566229  0
0.94998055  0.01880270  0.00221974  0.02899700  30.0865299  0.14469917  0.07446861  0.00585254  0
0.94908493  0.01877653  0.00214154  0.02999699  29.9974094  0.14420572  0.07170005  0.00604213  0
0.94818897  0.01875048  0.00206336  0.03099718  29.9086272  0.14371513  0.06894306  0.00623100  0
0.94729333  0.01872431  0.00198516  0.03199718  29.8202220  0.14322564  0.06619672  0.00641907  0
0.94636717  0.01872376  0.00191292  0.03299613  29.7315913  0.14293553  0.06366036  0.00660626  0
0.94547120  0.01869772  0.00183473  0.03399633  29.6438741  0.14245042  0.06093601  0.00679286  0
0.94457557  0.01867155  0.00175654  0.03499633  29.5565291  0.14196640  0.05822217  0.00697868  0
0.94364951  0.01867100  0.00168430  0.03599517  29.4689606  0.14168056  0.05571707  0.00716362  0
0.94275353  0.01864495  0.00160612  0.03699538  29.3822894  0.14120085  0.05302479  0.00734800  0
0.94185790  0.01861879  0.00152792  0.03799537  29.2959855  0.14072220  0.05034287  0.00753161  0
0.94096227  0.01859262  0.00144972  0.03899537  29.2100238  0.14024546  0.04767158  0.00771448  0
0.94003594  0.01859219  0.00137751  0.03999434  29.1238166  0.13996614  0.04520768  0.00789653  0
0.93914032  0.01856603  0.00129931  0.04099432  29.0385354  0.13949278  0.04255711  0.00807797  0
0.93824470  0.01853986  0.00122111  0.04199431  28.9535903  0.13902127  0.03991700  0.00825868  0
0.93734867  0.01851381  0.00114293  0.04299458  28.8689529  0.13855244  0.03728748  0.00843874  0
0.93642284  0.01851327  0.00107071  0.04399316  28.7841238  0.13827786  0.03486325  0.00861788  0
0.93552722  0.01848710  0.00099251  0.04499314  28.7001774  0.13781151  0.03225375  0.00879648  0
0.93463118  0.01846105  0.00091432  0.04599342  28.6165315  0.13734780  0.02965463  0.00897443  0
0.93373555  0.01843488  0.00083613  0.04699342  28.5332391  0.13688508  0.02706547  0.00915163  0
0.93280983  0.01843435  0.00076392  0.04799188  28.4497321  0.13661592  0.02468025  0.00932797  0
0.93191378  0.01840830  0.00068573  0.04899217  28.3670603  0.13615723  0.02211100  0.00950385  0
0.93101816  0.01838213  0.00060753  0.04999216  28.2847378  0.13569953  0.01955157  0.00967899  0
0.93012252  0.01835596  0.00052934  0.05099216  28.2027339  0.13524359  0.01700205  0.00985346  0
0.92919648  0.01835554  0.00045714  0.05199082  28.1204880  0.13498050  0.01465502  0.01002712  0
0.92830086  0.01832937  0.00037895  0.05299080  28.0391184  0.13452772  0.01212481  0.01020024  0
0.92740523  0.01830321  0.00030075  0.05399079  27.9580620  0.13407668  0.00960434  0.01037269  0
0.92647927  0.01830279  0.00022857  0.05498936  27.8767644  0.13381736  0.00728518  0.01054434  0
0.92558365  0.01827662  0.00015037  0.05598933  27.7963312  0.13336942  0.00478369  0.01071547  0
0.92468803  0.01825045  0.00007218  0.05698932  27.7162059  0.13292319  0.00229177  0.01088595  0
0.92342237  0.01822440  0.00034286  0.05801035  27.6252981  0.13247943  0.01086521  0.01105583  0
0.92249062  0.01822387  0.00027668  0.05900880  27.5451027  0.13222440  0.00875154  0.01122480  0
0.92158864  0.01819770  0.00020450  0.06000913  27.4657239  0.13178291  0.00645622  0.01139333  0
0.92068614  0.01817165  0.00013233  0.06100986  27.3866128  0.13134384  0.00416964  0.01156129  0
0.91978414  0.01814549  0.00006015  0.06201021  27.3078350  0.13090569  0.00189170  0.01172854  0
0.91845112  0.01814496  0.00037292  0.06303099  27.2169590  0.13065560  0.01170613  0.01189494  0
0.91754224  0.01811891  0.00030676  0.06403208  27.1385770  0.13022114  0.00961111  0.01206100  0
0.91663387  0.01809274  0.00024059  0.06503278  27.0605251  0.12978759  0.00752391  0.01222636  0
0.91572550  0.01806657  0.00017443  0.06603348  26.9827669  0.12935567  0.00544457  0.01239110  0
0.91478709  0.01806616  0.00011428  0.06703246  26.9047729  0.12911112  0.00356039  0.01255507  0
0.91387873  0.01803999  0.00004811  0.06803315  26.8275991  0.12868209  0.00149630  0.01271857  0
0.91253074  0.01801383  0.00039697  0.06905844  26.7378325  0.12825467  0.01232140  0.01288147  0
0.91161543  0.01798777  0.00033683  0.07005995  26.6610349  0.12782956  0.01043506  0.01304383  0
0.91067132  0.01798725  0.00028269  0.07105873  26.5840783  0.12758899  0.00874152  0.01320527  0
0.90975659  0.01796108  0.00022254  0.07205977  26.5078907  0.12716599  0.00686882  0.01336635  0
0.90884127  0.01793503  0.00016239  0.07306129  26.4319475  0.12674526  0.00500310  0.01352690  0
0.90792652  0.01790886  0.00010225  0.07406235  26.3563239  0.12632539  0.00314426  0.01368679  0
0.90698253  0.01790834  0.00004811  0.07506100  26.2805069  0.12608942  0.00147688  0.01384583  0
0.90558299  0.01788229  0.00044508  0.07608962  26.1913994  0.12567301  0.01363607  0.01400461  0
0.90466188  0.01785612  0.00039095  0.07709103  26.1164543  0.12525745  0.01195555  0.01416273  0
0.90371163  0.01785560  0.00034282  0.07808993  26.0413187  0.12502476  0.01046462  0.01432001  0
0.90278991  0.01782955  0.00028870  0.07909182  25.9668852  0.12461260  0.00879618  0.01447705  0
0.90186881  0.01780338  0.00023457  0.08009323  25.8927646  0.12420127  0.00713379  0.01463343  0
0.90094770  0.01777721  0.00018043  0.08109464  25.8189153  0.12379144  0.00547749  0.01478924  0
0.89999693  0.01777681  0.00013231  0.08209393  25.7448367  0.12356384  0.00400944  0.01494429  0
0.89907583  0.01775064  0.00007818  0.08309533  25.6715272  0.12315667  0.00236489  0.01509897  0
0.89815473  0.01772447  0.00002405  0.08409673  25.5984845  0.12275099  0.00072633  0.01525308  0
0.89669142  0.01769842  0.00048116  0.08512898  25.5102578  0.12234744  0.01450043  0.01540671  0
0.89573505  0.01769790  0.00043905  0.08612798  25.4371423  0.12212346  0.01320742  0.01555943  0
0.89480758  0.01767174  0.00039093  0.08712973  25.3647406  0.12172185  0.01173875  0.01571187  0
0.89387943  0.01764568  0.00034282  0.08813205  25.2925570  0.12132235  0.01027544  0.01586384  0
0.89295194  0.01761952  0.00029471  0.08913382  25.2206767  0.12092364  0.00881734  0.01601518  0
0.89199569  0.01761900  0.00025260  0.09013269  25.1486148  0.12070386  0.00754399  0.01616569  0
0.89106753  0.01759295  0.00020448  0.09113502  25.0772083  0.12030834  0.00609610  0.01631603  0
0.89014005  0.01756678  0.00015637  0.09213678  25.0061019  0.11991359  0.00465336  0.01646574  0
0.88921256  0.01754062  0.00010825  0.09313854  24.9352501  0.11952026  0.00321579  0.01661492  0
0.88825573  0.01754022  0.00006615  0.09413788  24.8641738  0.11930523  0.00196167  0.01676336  0
0.88732826  0.01751405  0.00001804  0.09513964  24.7938288  0.11891439  0.00053404  0.01691147  0
0.88578918  0.01748788  0.00054730  0.09617562  24.7066754  0.11852494  0.01617056  0.01705906  0
0.88485459  0.01746183  0.00050520  0.09717836  24.6366367  0.11813750  0.01490022  0.01720621  0
0.88389223  0.01746132  0.00046910  0.09817733  24.5664683  0.11792584  0.01381113  0.01735245  0
0.88295839  0.01743515  0.00042700  0.09917944  24.4969731  0.11754022  0.01254940  0.01749846  0
0.88202379  0.01740910  0.00038491  0.10018219  24.4276765  0.11715658  0.01129220  0.01764406  0
0.88106152  0.01740859  0.00034881  0.10118105  24.3582529  0.11694779  0.01021531  0.01778874  0
0.88012769  0.01738242  0.00030672  0.10218315  24.2894927  0.11656593  0.00896661  0.01793322  0
0.87919308  0.01735637  0.00026462  0.10318592  24.2209263  0.11618603  0.00772233  0.01807728  0
0.87825922  0.01733020  0.00022252  0.10418804  24.1526482  0.11580684  0.00648238  0.01822074  0
0.87729708  0.01732970  0.00018643  0.10518677  24.0841988  0.11560191  0.00542157  0.01836339  0
0.87636246  0.01730364  0.00014433  0.10618954  24.0163512  0.11522569  0.00419002  0.01850594  0
0.87542861  0.01727748  0.00010223  0.10719166  23.9487890  0.11485017  0.00296275  0.01864790  0
0.87449476  0.01725131  0.00006014  0.10819377  23.8814623  0.11447597  0.00173975  0.01878936  0
0.87353194  0.01725092  0.00002405  0.10919307  23.8139171  0.11427540  0.00069468  0.01893011  0
0.87189735  0.01722475  0.00064349  0.11023439  23.7279889  0.11390350  0.01855049  0.01907060  1
0.87095713  0.01719859  0.00060741  0.11123685  23.6612232  0.11353288  0.01747991  0.01921059  1
0.87001608  0.01717253  0.00057133  0.11224004  23.5946381  0.11316414  0.01641312  0.01935020  2
0.86904784  0.01717203  0.00054125  0.11323887  23.5279377  0.11296666  0.01552213  0.01948890  2
0.86810763  0.01714586  0.00050516  0.11424133  23.4618635  0.11259959  0.01446233  0.01962745  2
0.86716656  0.01711981  0.00046908  0.11524453  23.3959656  0.11223436  0.01340624  0.01976562  2
0.86622633  0.01709364  0.00043300  0.11624700  23.3303452  0.11186980  0.01235372  0.01990321  2
0.86525821  0.01709314  0.00040292  0.11724571  23.2645615  0.11167592  0.01147590  0.02004000  2
0.86431714  0.01706708  0.00036684  0.11824892  23.1993402  0.11131415  0.01043035  0.02017675  2
0.86337692  0.01704092  0.00033076  0.11925139  23.1343936  0.11095304  0.00938833  0.02031294  2
0.86243669  0.01701475  0.00029468  0.12025386  23.0696688  0.11059317  0.00834987  0.02044866  2
0.86146781  0.01701436  0.00026460  0.12125320  23.0047303  0.11040338  0.00748497  0.02058368  2
0.86052760  0.01698820  0.00022852  0.12225567  22.9404473  0.11004567  0.00645329  0.02071847  2
0.85958738  0.01696203  0.00019244  0.12325813  22.8763826  0.10968918  0.00542512  0.02085281  2
0.85861858  0.01696165  0.00016236  0.12425739  22.8121053  0.10950189  0.00456963  0.02098645  2
0.85767837  0.01693548  0.00012628  0.12525984  22.7484757  0.10914753  0.00354813  0.02111987  2
0.85673816  0.01690932  0.00009020  0.12626230  22.6850611  0.10879437  0.00253010  0.02125285  2
0.85579702  0.01688326  0.00005412  0.12726558  22.6218063  0.10844295  0.00151550  0.02138548  2
0.85482924  0.01688277  0.00002405  0.12826392  22.5584487  0.10825849  0.00067241  0.02151721  2
0.85306730  0.01685660  0.00076372  0.12931235  22.4740255  0.10790861  0.02131321  0.02164885  1
0.85211978  0.01683054  0.00073366  0.13031600  22.4112758  0.10756045  0.02043983  0.02178015  1
0.85117319  0.01680438  0.00070359  0.13131882  22.3487909  0.10721291  0.01956928  0.02191090  1
0.85019918  0.01680389  0.00067952  0.13231739  22.2861524  0.10703177  0.01886831  0.02204086  1
0.84925165  0.01677783  0.00064946  0.13332105  22.2240307  0.10668681  0.01800340  0.02217085  1
0.84830506  0.01675166  0.00061939  0.13432386  22.1621715  0.10634247  0.01714127  0.02230030  1
0.84735847  0.01672550  0.00058933  0.13532669  22.1005182  0.10599928  0.01628202  0.02242931  1
0.84638361  0.01672512  0.00056526  0.13632599  22.0386572  0.10582191  0.01559131  0.02255764  1
0.84543703  0.01669895  0.00053519  0.13732880  21.9774142  0.10548072  0.01473749  0.02268580  1
0.84449045  0.01667279  0.00050513  0.13833162  21.9163741  0.10514066  0.01388650  0.02281354  1
0.84354286  0.01664673  0.00047506  0.13933533  21.8554790  0.10480225  0.01303839  0.02294096  1
0.84256910  0.01664624  0.00045100  0.14033364  21.7944914  0.10462753  0.01235758  0.02306748  1
0.84162252  0.01662008  0.00042093  0.14133645  21.7340554  0.10429056  0.01151473  0.02319395  1
0.84067492  0.01659402  0.00039087  0.14234017  21.6737607  0.10395522  0.01067470  0.02332012  1
0.83972833  0.01656785  0.00036080  0.14334300  21.6137214  0.10362046  0.00983738  0.02344577  1
0.83875469  0.01656737  0.00033674  0.14434118  21.5535349  0.10344884  0.00916635  0.02357062  1
0.83780708  0.01654131  0.00030668  0.14534491  21.4938319  0.10311653  0.00833429  0.02369555  1
0.83686049  0.01651515  0.00027661  0.14634773  21.4343819  0.10278479  0.00750492  0.02381996  1
0.83588696  0.01651466  0.00025255  0.14734581  21.3747864  0.10261539  0.00684102  0.02394359  1
0.83493934  0.01648860  0.00022248  0.14834955  21.3156663  0.10228605  0.00601682  0.02406730  1
0.83399276  0.01646244  0.00019242  0.14935236  21.2567969  0.10195729  0.00519527  0.02419050  1
0.83304617  0.01643627  0.00016235  0.15035518  21.1981188  0.10162959  0.00437639  0.02431330  1
0.83207169  0.01643590  0.00013830  0.15135409  21.1392381  0.10146368  0.00372195  0.02443543  1
0.83112512  0.01640974  0.00010823  0.15235689  21.0809409  0.10113785  0.00290811  0.02455743  1
0.83017854  0.01638357  0.00007817  0.15335970  21.0228322  0.10081307  0.00209691  0.02467904  1
0.82923087  0.01635751  0.00004810  0.15436350  20.9648512  0.10048982  0.00128833  0.02480037  1
0.82825758  0.01635703  0.00002405  0.15536132  20.9067888  0.10032634  0.00064311  0.02492080  1
0.82631736  0.01633087  0.00093202  0.15641973  20.8242000  0.10000444  0.02488072  0.02504124  1
0.82536330  0.01630481  0.00090798  0.15742389  20.7666567  0.09968405  0.02419982  0.02516140  1
0.82441034  0.01627864  0.00088393  0.15842707  20.7093582  0.09936421  0.02352099  0.02528107  1
0.82343083  0.01627817  0.00086586  0.15942511  20.6519213  0.09920360  0.02300373  0.02539995  1
0.82247676  0.01625211  0.00084182  0.16042929  20.5949292  0.09888602  0.02232910  0.02551897  1
0.82152380  0.01622594  0.00081777  0.16143246  20.5381795  0.09856899  0.02165651  0.02563749  1
0.82057084  0.01619978  0.00079372  0.16243564  20.4816107  0.09825297  0.02098607  0.02575563  1
0.81959032  0.01619941  0.00077566  0.16343459  20.4248442  0.09809563  0.02047627  0.02587312  1
0.81863737  0.01617325  0.00075161  0.16443775  20.3686356  0.09778136  0.01980983  0.02599050  1
0.81768441  0.01614708  0.00072756  0.16544092  20.3126053  0.09746810  0.01914551  0.02610752  1
0.81673029  0.01612102  0.00070352  0.16644515  20.2566904  0.09715628  0.01848339  0.02622429  1
0.81575103  0.01612055  0.00068546  0.16744294  20.2007032  0.09700122  0.01798071  0.02634017  1
0.81479808  0.01609438  0.00066141  0.16844610  20.1452037  0.09669067  0.01732243  0.02645608  1
0.81384394  0.01606832  0.00063736  0.16945035  20.0898167  0.09638156  0.01666630  0.02657175  1
0.81286479  0.01606785  0.00061931  0.17044803  20.0343593  0.09622847  0.01616889  0.02668652  1
0.81191185  0.01604169  0.00059526  0.17145118  19.9793832  0.09592060  0.01551656  0.02680134  1
0.81095770  0.01601563  0.00057121  0.17245544  19.9245166  0.09561414  0.01486635  0.02691592  1
0.81000474  0.01598946  0.00054716  0.17345861  19.8698843  0.09530819  0.01421810  0.02703003  1
0.80902571  0.01598900  0.00052911  0.17445616  19.8151215  0.09515776  0.01372767  0.02714336  1
0.80807155  0.01596294  0.00050506  0.17546043  19.7607679  0.09485392  0.01308330  0.02725687  1
0.80711860  0.01593677  0.00048101  0.17646359  19.7066469  0.09455060  0.01244086  0.02736991  1
0.80616565  0.01591061  0.00045696  0.17746676  19.6526943  0.09424821  0.01180043  0.02748259  1
0.80518550  0.01591024  0.00043892  0.17846532  19.5985491  0.09410081  0.01131690  0.02759463  1
0.80423256  0.01588408  0.00041487  0.17946848  19.5449320  0.09380007  0.01068020  0.02770662  1
0.80327961  0.01585792  0.00039082  0.18047164  19.4914811  0.09350025  0.01004548  0.02781825  1
0.80232540  0.01583185  0.00036677  0.18147596  19.4381310  0.09320180  0.00941276  0.02792967  1
0.80134661  0.01583139  0.00034872  0.18247326  19.3847186  0.09305650  0.00893589  0.02804020  1
0.80039367  0.01580523  0.00032467  0.18347641  19.3317623  0.09275923  0.00830679  0.02815081  1
0.79943945  0.01577917  0.00030063  0.18448074  19.2789043  0.09246329  0.00767967  0.02826120  1
0.79848649  0.01575300  0.00027658  0.18548391  19.2262732  0.09216784  0.00705444  0.02837113  1
0.79750783  0.01575254  0.00025853  0.18648108  19.1735173  0.09202504  0.00658415  0.02848029  1
0.79655359  0.01572648  0.00023448  0.18748543  19.1211444  0.09173159  0.00596255  0.02858967  1
0.79560064  0.01570031  0.00021043  0.18848859  19.0689967  0.09143861  0.00534282  0.02869859  1
0.79464769  0.01567415  0.00018638  0.18949176  19.0170083  0.09114653  0.00472498  0.02880718  1
0.79366783  0.01567379  0.00016834  0.19049001  18.9648314  0.09100659  0.00426117  0.02891513  1
0.79271489  0.01564763  0.00014429  0.19149317  18.9131605  0.09071606  0.00364687  0.02902306  1
0.79176194  0.01562147  0.00012024  0.19249633  18.8616467  0.09042642  0.00303444  0.02913065  1
0.79078218  0.01562111  0.00010220  0.19349449  18.8099453  0.09028822  0.00257533  0.02923762  1
0.78982924  0.01559495  0.00007816  0.19449764  18.7587447  0.09000010  0.00196638  0.02934457  1
0.78887630  0.01556878  0.00005411  0.19550079  18.7076990  0.08971286  0.00135928  0.02945119  1
0.78792200  0.01554272  0.00003006  0.19650520  18.6567411  0.08942688  0.00075402  0.02955762  1
0.78694368  0.01554226  0.00001202  0.19750201  18.6057300  0.08929063  0.00030114  0.02966316  1
0.78550538  0.01553169  0.00119161  0.19777130  18.5661238  0.08920298  0.02983478  0.02968410  1
0.78454373  0.01550560  0.00117357  0.19877708  18.5153466  0.08891843  0.02933857  0.02978993  1
0.78358345  0.01547941  0.00115552  0.19978160  18.4647888  0.08863435  0.02884372  0.02989531  1
0.78259791  0.01547896  0.00114345  0.20077966  18.4141137  0.08849982  0.02849994  0.02999994  1
0.78163625  0.01545287  0.00112540  0.20178545  18.3637931  0.08821762  0.02800797  0.03010482  1
0.78067598  0.01542668  0.00110735  0.20278997  18.3136903  0.08793586  0.02751734  0.03020925  1
0.77971569  0.01540049  0.00108930  0.20379450  18.2637374  0.08765494  0.02702818  0.03031338  1
0.77872888  0.01540014  0.00107724  0.20479373  18.2136013  0.08752309  0.02668932  0.03041688  1
0.77776860  0.01537395  0.00105919  0.20579824  18.1639473  0.08724364  0.02620286  0.03052038  1
0.77680833  0.01534776  0.00104114  0.20680276  18.1144413  0.08696501  0.02571785  0.03062357  1
0.77584662  0.01532167  0.00102309  0.20780860  18.0650145  0.08668760  0.02523440  0.03072660  1
0.77486133  0.01532122  0.00101103  0.20880640  18.0155418  0.08655760  0.02490013  0.03082873  1
0.77390106  0.01529503  0.00099298  0.20981091  17.9664766  0.08628123  0.02441921  0.03093100  1
0.77293934  0.01526894  0.00097493  0.21081677  17.9174883  0.08600607  0.02393983  0.03103311  1
0.77195415  0.01526849  0.00096287  0.21181447  17.8684559  0.08587766  0.02360897  0.03113434  1
0.77099389  0.01524230  0.00094482  0.21281897  17.8198257  0.08560352  0.02313210  0.03123571  1
0.77003216  0.01521621  0.00092677  0.21382484  17.7712701  0.08533057  0.02265674  0.03133691  1
0.76907188  0.01519002  0.00090872  0.21482936  17.7229259  0.08505805  0.02218267  0.03143769  1
0.76808682  0.01518958  0.00089666  0.21582692  17.6744711  0.08493181  0.02185637  0.03153771  1
0.76712508  0.01516349  0.00087861  0.21683280  17.6263425  0.08466104  0.02138497  0.03163803  1
0.76616481  0.01513730  0.00086056  0.21783732  17.5784238  0.08439070  0.02091485  0.03173792  1
0.76520453  0.01511111  0.00084251  0.21884183  17.5306453  0.08412116  0.02044611  0.03183752  1
0.76421809  0.01511076  0.00083045  0.21984067  17.4826885  0.08399740  0.02012437  0.03193651  1
0.76325783  0.01508457  0.00081240  0.22084517  17.4351896  0.08372921  0.01965816  0.03203552  1
0.76229756  0.01505839  0.00079435  0.22184968  17.3878291  0.08346181  0.01919330  0.03213425  1
0.76133576  0.01503229  0.00077631  0.22285562  17.3405368  0.08319554  0.01872988  0.03223283  1
0.76035095  0.01503185  0.00076425  0.22385293  17.2932068  0.08307350  0.01841245  0.03233052  1
0.75939069  0.01500566  0.00074620  0.22485743  17.2462589  0.08280821  0.01795143  0.03242839  1
0.75842888  0.01497957  0.00072815  0.22586338  17.1993770  0.08254405  0.01749182  0.03252611  1
0.75746860  0.01495338  0.00071010  0.22686790  17.1527005  0.08228030  0.01703346  0.03262341  1
0.75648392  0.01495295  0.00069804  0.22786508  17.1059184  0.08216029  0.01672034  0.03271997  1
0.75552210  0.01492685  0.00068000  0.22887104  17.0594416  0.08189821  0.01626449  0.03281686  1
0.75456182  0.01490066  0.00066195  0.22987555  17.0131687  0.08163653  0.01580989  0.03291332  1
0.75360154  0.01487447  0.00064389  0.23088007  16.9670290  0.08137560  0.01535659  0.03300950  1
0.75261541  0.01487413  0.00063184  0.23187859  16.9207147  0.08125795  0.01504776  0.03310509  1
0.75165514  0.01484795  0.00061379  0.23288310  16.8748403  0.08099831  0.01459687  0.03320072  1
0.75069487  0.01482176  0.00059574  0.23388761  16.8290972  0.08073942  0.01414726  0.03329608  1
0.74970882  0.01482142  0.00058369  0.23488605  16.7831806  0.08062319  0.01384150  0.03339084  1
0.74874856  0.01479523  0.00056564  0.23589054  16.7376996  0.08036558  0.01339426  0.03348565  1
0.74778830  0.01476904  0.00054759  0.23689505  16.6923482  0.08010870  0.01294829  0.03358020  1
0.74682641  0.01474295  0.00052954  0.23790107  16.6470548  0.07985289  0.01250365  0.03367461  1
0.74584208  0.01474252  0.00051749  0.23889789  16.6017314  0.07973825  0.01220193  0.03376815  1
0.74488182  0.01471633  0.00049944  0.23990239  16.5567667  0.07948336  0.01175957  0.03386189  1
0.74391993  0.01469023  0.00048139  0.24090842  16.5118580  0.07922952  0.01131850  0.03395551  1
0.74295965  0.01466405  0.00046334  0.24191294  16.4671477  0.07897607  0.01087863  0.03404872  1
0.74197544  0.01466362  0.00045130  0.24290962  16.4223379  0.07886333  0.01058094  0.03414119  1
0.74101354  0.01463752  0.00043325  0.24391567  16.3778090  0.07861145  0.01014341  0.03423402  1
0.74005327  0.01461134  0.00041520  0.24492018  16.3334772  0.07835994  0.00970706  0.03432644  1
0.73909300  0.01458515  0.00039715  0.24592469  16.2892702  0.07810915  0.00927194  0.03441860  1
0.73810725  0.01458481  0.00038510  0.24692282  16.2448932  0.07799860  0.00897825  0.03451017  1
0.73714699  0.01455863  0.00036705  0.24792732  16.2009351  0.07774902  0.00854538  0.03460181  1
0.73618672  0.01453244  0.00034900  0.24893182  16.1571002  0.07750013  0.00811373  0.03469320  1
0.73522476  0.01450634  0.00033095  0.24993792  16.1133158  0.07725227  0.00768331  0.03478447  1
0.73424080  0.01450592  0.00031891  0.25093435  16.0695072  0.07714323  0.00739347  0.03487487  1
0.73328054  0.01447973  0.00030086  0.25193885  16.0260397  0.07689623  0.00696523  0.03496549  1
0.73231857  0.01445363  0.00028281  0.25294496  15.9826210  0.07665025  0.00653822  0.03505601  1
0.73135830  0.01442745  0.00026476  0.25394948  15.9393954  0.07640463  0.00611237  0.03514613  1
0.73037446  0.01442702  0.00025271  0.25494578  15.8960749  0.07629738  0.00582634  0.03523552  1
0.72941248  0.01440093  0.00023467  0.25595190  15.8530173  0.07605325  0.00540269  0.03532528  1
0.72845222  0.01437474  0.00021661  0.25695641  15.8101515  0.07580948  0.00498018  0.03541465  1
0.72746848  0.01437432  0.00020457  0.25795260  15.7671920  0.07570351  0.00469693  0.03550329  1
0.72650649  0.01434822  0.00018652  0.25895874  15.7244910  0.07546122  0.00427659  0.03559231  1
0.72554623  0.01432204  0.00016847  0.25996324  15.6819805  0.07521928  0.00385739  0.03568094  1
0.72458596  0.01429585  0.00015042  0.26096775  15.6395873  0.07497800  0.00343935  0.03576932  1
0.72360059  0.01429552  0.00013839  0.26196548  15.5970287  0.07487409  0.00315982  0.03585713  1
0.72264034  0.01426933  0.00012034  0.26296997  15.5548692  0.07463395  0.00274389  0.03594503  1
0.72168008  0.01424315  0.00010228  0.26397447  15.5128255  0.07439448  0.00232910  0.03603268  1
0.72071804  0.01421705  0.00008423  0.26498066  15.4708237  0.07415597  0.00191546  0.03612025  1
0.71973455  0.01421663  0.00007220  0.26597660  15.4288045  0.07405345  0.00163955  0.03620694  1
0.71877430  0.01419045  0.00005415  0.26698109  15.3871060  0.07381575  0.00122798  0.03629388  1
0.71781224  0.01416435  0.00003610  0.26798729  15.3454478  0.07357901  0.00081754  0.03638073  1
0.71685197  0.01413816  0.00001805  0.26899180  15.3039765  0.07334261  0.00040821  0.03646719  1
0.71586861  0.01413775  0.00000601  0.26998761  15.2624159  0.07324176  0.00013588  0.03655294  1
0.71318569  0.01411165  0.00161252  0.27109012  15.1844580  0.07300676  0.03636768  0.03663908  1
0.71221905  0.01408547  0.00160049  0.27209497  15.1432391  0.07277211  0.03604726  0.03672484  1
0.71125241  0.01405928  0.00158846  0.27309984  15.1021321  0.07253808  0.03572771  0.03681037  1
0.71026100  0.01405896  0.00158241  0.27409761  15.0608637  0.07243918  0.03554385  0.03689533  1
0.70929437  0.01403277  0.00157038  0.27510246  15.0199797  0.07220625  0.03522585  0.03698039  1
0.70832773  0.01400658  0.00155835  0.27610732  14.9792060  0.07197394  0.03490870  0.03706523  1
0.70735922  0.01398048  0.00154633  0.27711394  14.9384681  0.07174255  0.03459256  0.03714998  1
0.70636979  0.01398007  0.00154027  0.27810985  14.8977186  0.07164497  0.03441109  0.03723387  1
0.70540316  0.01395389  0.00152824  0.27911470  14.8572744  0.07141436  0.03409632  0.03731803  1
0.70443464  0.01392779  0.00151622  0.28012134  14.8168643  0.07118465  0.03378254  0.03740210  1
0.70344530  0.01392738  0.00151016  0.28111714  14.7764439  0.07108822  0.03360290  0.03748531  1
0.70247868  0.01390120  0.00149813  0.28212198  14.7363251  0.07085928  0.03329049  0.03756879  1
0.70151015  0.01387510  0.00148611  0.28312863  14.6962389  0.07063124  0.03297904  0.03765219  1
0.70054350  0.01384891  0.00147408  0.28413348  14.6563342  0.07040352  0.03266830  0.03773522  1
0.69955430  0.01384850  0.00146802  0.28512915  14.6163463  0.07030866  0.03249112  0.03781754  1
0.69858576  0.01382241  0.00145600  0.28613582  14.5765801  0.07008226  0.03218199  0.03790027  1
0.69761912  0.01379622  0.00144397  0.28714067  14.5369944  0.06985619  0.03187354  0.03798264  1
0.69665248  0.01377003  0.00143195  0.28814552  14.4975139  0.06963072  0.03156592  0.03806479  1
0.69566146  0.01376972  0.00142590  0.28914290  14.4578765  0.06953767  0.03139129  0.03814638  1
0.69469484  0.01374353  0.00141387  0.29014775  14.4186059  0.06931322  0.03108512  0.03822809  1
0.69372820  0.01371734  0.00140184  0.29115259  14.3794392  0.06908936  0.03077977  0.03830959  1
0.69275961  0.01369124  0.00138982  0.29215931  14.3403010  0.06886637  0.03047534  0.03839102  1
0.69177065  0.01369084  0.00138376  0.29315472  14.3011573  0.06877456  0.03030297  0.03847159  1
0.69080402  0.01366466  0.00137173  0.29415957  14.2623008  0.06855230  0.02999985  0.03855244  1
0.68983542  0.01363856  0.00135971  0.29516629  14.2234712  0.06833090  0.02969766  0.03863324  1
0.68886877  0.01361237  0.00134768  0.29617115  14.1848189  0.06810980  0.02939614  0.03871366  1
0.68787994  0.01361197  0.00134163  0.29716643  14.1460874  0.06801948  0.02922609  0.03879338  1
0.68691132  0.01358587  0.00132961  0.29817317  14.1075630  0.06779965  0.02892610  0.03887354  1
0.68594469  0.01355969  0.00131758  0.29917803  14.0692148  0.06758012  0.02862678  0.03895334  1
0.68497805  0.01353350  0.00130555  0.30018288  14.0309669  0.06736117  0.02832824  0.03903292  1
0.68398733  0.01353319  0.00129950  0.30117995  13.9925654  0.06727257  0.02816061  0.03911196  1
0.68302070  0.01350700  0.00128748  0.30218480  13.9545176  0.06705459  0.02786346  0.03919113  1
0.68205407  0.01348082  0.00127545  0.30318965  13.9165690  0.06683718  0.02756708  0.03927009  1
0.68106344  0.01348051  0.00126940  0.30418663  13.8784677  0.06674962  0.02740111  0.03934851  1
0.68009682  0.01345432  0.00125737  0.30519147  13.8407169  0.06653317  0.02710610  0.03942706  1
0.67913019  0.01342814  0.00124535  0.30619631  13.8030641  0.06631729  0.02681187  0.03950541  1
0.67816151  0.01340204  0.00123332  0.30720311  13.7654330  0.06610222  0.02651850  0.03958372  1
0.67717303  0.01340164  0.00122727  0.30819804  13.7278021  0.06601581  0.02635465  0.03966116  1
0.67620641  0.01337546  0.00121524  0.30920287  13.6904417  0.06580144  0.02606253  0.03973891  1
0.67523771  0.01334936  0.00120322  0.31020969  13.6531017  0.06558787  0.02577126  0.03981660  1
0.67427108  0.01332317  0.00119119  0.31121454  13.6159338  0.06537460  0.02548065  0.03989395  1
0.67328273  0.01332278  0.00118514  0.31220933  13.5786915  0.06528958  0.02531899  0.03997059  1
0.67231402  0.01329668  0.00117312  0.31321616  13.5416392  0.06507749  0.02502980  0.04004769  1
0.67134739  0.01327049  0.00116109  0.31422100  13.5047581  0.06486570  0.02474126  0.04012443  1
0.67038076  0.01324431  0.00114907  0.31522585  13.4679716  0.06465445  0.02445346  0.04020098  1
0.66939042  0.01324400  0.00114302  0.31622253  13.4310356  0.06457105  0.02429406  0.04027699  1
0.66842380  0.01321782  0.00113099  0.31722736  13.3944379  0.06436072  0.02400757  0.04035315  1
0.66745718  0.01319163  0.00111897  0.31823221  13.3579338  0.06415093  0.02372181  0.04042911  1
0.66648842  0.01316553  0.00110694  0.31923909  13.3214463  0.06394192  0.02343688  0.04050504  1
0.66550031  0.01316514  0.00110090  0.32023363  13.2849634  0.06385961  0.02327950  0.04058011  1
0.66453369  0.01313896  0.00108887  0.32123846  13.2487384  0.06365126  0.02299576  0.04065550  1
0.66356492  0.01311286  0.00107685  0.32224535  13.2125289  0.06344368  0.02271284  0.04073084  1
0.66259828  0.01308667  0.00106482  0.32325021  13.1764877  0.06323639  0.02243054  0.04080585  1
0.66161031  0.01308629  0.00105877  0.32424461  13.1403758  0.06315541  0.02227525  0.04088015  1
0.66064153  0.01306019  0.00104675  0.32525152  13.1044411  0.06294924  0.02199431  0.04095493  1
0.65967490  0.01303400  0.00103472  0.32625636  13.0686737  0.06274336  0.02171400  0.04102936  1
0.65868702  0.01303362  0.00102867  0.32725066  13.0328366  0.06266332  0.02156021  0.04110310  1
0.65771823  0.01300752  0.00101665  0.32825758  12.9971735  0.06245856  0.02128124  0.04117731  1
0.65675161  0.01298133  0.00100462  0.32926242  12.9616769  0.06225408  0.02100289  0.04125118  1
0.65578498  0.01295514  0.00099260  0.33026726  12.9262696  0.06205011  0.02072524  0.04132487  1
0.65479503  0.01295485  0.00098656  0.33126354  12.8907167  0.06197158  0.02057356  0.04139802  1
0.65382842  0.01292866  0.00097453  0.33226837  12.8554878  0.06176848  0.02029714  0.04147133  1
0.65286180  0.01290248  0.00096250  0.33327321  12.8203472  0.06156589  0.02002143  0.04154446  1
0.65189295  0.01287637  0.00095048  0.33428018  12.7852176  0.06136404  0.01974647  0.04161757  1
0.65090533  0.01287600  0.00094443  0.33527422  12.7500975  0.06128654  0.01959671  0.04168982  1
0.64993871  0.01284981  0.00093241  0.33627905  12.7152205  0.06108531  0.01932290  0.04176241  1
0.64896986  0.01282371  0.00092038  0.33728603  12.6803535  0.06088482  0.01904985  0.04183496  1
0.64800322  0.01279752  0.00090836  0.33829088  12.6456502  0.06068459  0.01877740  0.04190719  1
0.64701573  0.01279715  0.00090231  0.33928479  12.6108807  0.06060833  0.01862961  0.04197872  1
0.64604686  0.01277104  0.00089029  0.34029179  12.5762732  0.06040917  0.01835843  0.04205074  1
0.64508023  0.01274486  0.00087826  0.34129663  12.5418287  0.06021029  0.01808786  0.04212242  1
0.64411360  0.01271867  0.00086623  0.34230147  12.5074697  0.06001189  0.01781796  0.04219393  1
0.64312396  0.01271838  0.00086020  0.34329744  12.4729680  0.05993707  0.01767216  0.04226490  1
0.64215734  0.01269220  0.00084817  0.34430227  12.4387794  0.05973951  0.01740345  0.04233606  1
0.64119072  0.01266601  0.00083614  0.34530711  12.4046753  0.05954244  0.01713540  0.04240703  1
0.64022180  0.01263991  0.00082412  0.34631416  12.3705779  0.05934607  0.01686807  0.04247799  1
0.63923455  0.01263954  0.00081808  0.34730781  12.3364938  0.05927222  0.01672411  0.04254811  1
0.63826793  0.01261335  0.00080605  0.34831264  12.3026417  0.05907645  0.01645789  0.04261856  1
0.63729900  0.01258725  0.00079403  0.34931970  12.2687954  0.05888138  0.01619238  0.04268900  1
0.63631185  0.01258688  0.00078799  0.35031326  12.2349633  0.05880839  0.01604979  0.04275860  1
0.63534525  0.01256069  0.00077596  0.35131808  12.2013606  0.05861391  0.01578537  0.04282853  1
0.63437630  0.01253459  0.00076394  0.35232515  12.1677625  0.05842012  0.01552166  0.04289845  1
0.63340968  0.01250840  0.00075191  0.35332999  12.1343241  0.05822659  0.01525854  0.04296805  1
0.63242266  0.01250804  0.00074587  0.35432341  12.1008235  0.05815476  0.01511780  0.04303696  1
0.63145370  0.01248193  0.00073385  0.35533049  12.0674710  0.05796224  0.01485586  0.04310637  1
0.63048709  0.01245575  0.00072182  0.35633533  12.0342773  0.05776998  0.01459452  0.04317545  1
0.62952046  0.01242956  0.00070979  0.35734016  12.0011645  0.05757818  0.01433380  0.04324437  1
0.62853120  0.01242928  0.00070376  0.35833574  11.9679127  0.05750771  0.01419494  0.04331276  1
0.62756459  0.01240309  0.00069173  0.35934056  11.9349611  0.05731670  0.01393535  0.04338135  1
0.62659797  0.01237691  0.00067971  0.36034539  11.9020895  0.05712615  0.01367638  0.04344976  1
0.62562897  0.01235080  0.00066768  0.36135253  11.8692196  0.05693627  0.01341810  0.04351817  1
0.62464220  0.01235044  0.00066165  0.36234570  11.8363676  0.05686672  0.01328097  0.04358574  1
0.62367559  0.01232426  0.00064962  0.36335052  11.8037345  0.05667741  0.01302374  0.04365366  1
0.62270657  0.01229815  0.00063759  0.36435767  11.7711022  0.05648876  0.01276718  0.04372158  1
0.62173994  0.01227196  0.00062557  0.36536251  11.7386264  0.05630036  0.01251119  0.04378917  1
0.62075330  0.01227161  0.00061953  0.36635554  11.7060916  0.05623191  0.01237582  0.04385609  1
0.61978427  0.01224550  0.00060751  0.36736270  11.6736944  0.05604448  0.01212097  0.04392351  1
0.61881765  0.01221931  0.00059548  0.36836754  11.6414529  0.05585730  0.01186668  0.04399062  1
0.61785102  0.01219313  0.00058345  0.36937238  11.6092887  0.05567056  0.01161300  0.04405756  1
0.61686206  0.01219285  0.00057742  0.37036764  11.5769885  0.05560340  0.01147941  0.04412399  1
0.61589545  0.01216667  0.00056540  0.37137246  11.5449788  0.05541742  0.01122680  0.04419062  1
0.61492883  0.01214048  0.00055337  0.37237730  11.5130455  0.05523188  0.01097480  0.04425708  1
0.61393996  0.01214020  0.00054734  0.37337247  11.4809770  0.05516549  0.01084246  0.04432303  1
0.61297336  0.01211402  0.00053531  0.37437729  11.4491965  0.05498070  0.01059152  0.04438918  1
0.61200675  0.01208784  0.00052328  0.37538211  11.4174917  0.05479635  0.01034117  0.04445517  1
0.61103765  0.01206173  0.00051126  0.37638934  11.3857841  0.05461263  0.01009146  0.04452116  1
0.61005136  0.01206138  0.00050523  0.37738202  11.3540986  0.05454710  0.00996077  0.04458633  1
0.60908475  0.01203519  0.00049320  0.37838683  11.3226199  0.05436392  0.00971207  0.04465185  1
0.60811565  0.01200908  0.00048118  0.37939407  11.2911374  0.05418137  0.00946399  0.04471737  1
0.60714903  0.01198290  0.00046915  0.38039890  11.2598076  0.05399905  0.00921646  0.04478258  1
0.60616286  0.01198255  0.00046312  0.38139145  11.2284227  0.05393457  0.00908744  0.04484712  1
0.60519375  0.01195644  0.00045110  0.38239870  11.1971631  0.05375317  0.00884098  0.04491219  1
0.60422713  0.01193026  0.00043907  0.38340352  11.1660553  0.05357201  0.00859506  0.04497694  1
0.60326051  0.01190407  0.00042704  0.38440835  11.1350209  0.05339127  0.00834973  0.04504153  1
0.60227194  0.01190380  0.00042102  0.38540322  11.1038539  0.05332800  0.00822237  0.04510562  1
0.60130533  0.01187762  0.00040899  0.38640804  11.0729658  0.05314798  0.00797806  0.04516991  1
0.60033872  0.01185143  0.00039696  0.38741287  11.0421502  0.05296838  0.00773432  0.04523406  1
0.59936955  0.01182532  0.00038493  0.38842017  11.0113286  0.05278939  0.00749117  0.04529821  1
0.59838364  0.01182498  0.00037891  0.38941246  10.9805321  0.05272694  0.00736540  0.04536153  1
0.59741703  0.01179879  0.00036688  0.39041728  10.9499332  0.05254846  0.00712323  0.04542523  1
0.59644785  0.01177268  0.00035485  0.39142459  10.9193273  0.05237059  0.00688165  0.04548893  1
0.59546203  0.01177234  0.00034883  0.39241678  10.8887474  0.05230885  0.00675704  0.04555181  1
0.59449544  0.01174616  0.00033680  0.39342158  10.8583627  0.05213149  0.00651643  0.04561506  1
0.59352625  0.01172005  0.00032478  0.39442891  10.8279703  0.05195473  0.00627641  0.04567832  1
0.59255963  0.01169386  0.00031275  0.39543374  10.7977270  0.05177819  0.00603691  0.04574127  1
0.59157394  0.01169352  0.00030672  0.39642579  10.7674321  0.05171744  0.00591387  0.04580356  1
0.59060474  0.01166741  0.00029470  0.39743313  10.7372510  0.05154177  0.00567538  0.04586638  1
0.58963813  0.01164123  0.00028267  0.39843795  10.7072183  0.05136632  0.00543742  0.04592890  1
0.58866890  0.01161512  0.00027064  0.39944532  10.6771765  0.05119146  0.00520003  0.04599143  1
0.58768333  0.01161478  0.00026462  0.40043725  10.6471627  0.05113168  0.00507854  0.04605314  1
0.58671673  0.01158860  0.00025259  0.40144206  10.6173384  0.05095732  0.00484209  0.04611522  1
0.58574749  0.01156249  0.00024057  0.40244944  10.5875042  0.05078353  0.00460621  0.04617732  1
0.58478087  0.01153630  0.00022854  0.40345427  10.5578173  0.05060998  0.00437086  0.04623911  1
0.58379543  0.01153596  0.00022252  0.40444607  10.5280807  0.05055114  0.00425089  0.04630025  1
0.58282617  0.01150985  0.00021049  0.40545346  10.4984521  0.05037843  0.00401650  0.04636192  1
0.58185957  0.01148367  0.00019847  0.40645828  10.4689700  0.05020593  0.00378263  0.04642330  2
0.58089295  0.01145749  0.00018644  0.40746311  10.4395555  0.05003384  0.00354931  0.04648453  2
0.57990496  0.01145722  0.00018042  0.40845738  10.4100136  0.04997611  0.00343085  0.04654526  2
0.57893836  0.01143104  0.00016839  0.40946219  10.3807342  0.04980467  0.00319846  0.04660621  2
0.57797175  0.01140486  0.00015636  0.41046701  10.3515217  0.04963363  0.00296660  0.04666702  2
0.57700244  0.01137875  0.00014434  0.41147446  10.3222973  0.04946314  0.00273528  0.04672785  2
0.57601725  0.01137841  0.00013832  0.41246600  10.2931038  0.04940616  0.00261829  0.04678787  2
0.57505065  0.01135223  0.00012629  0.41347081  10.2640913  0.04923616  0.00238789  0.04684826  2
0.57408133  0.01132612  0.00011426  0.41447827  10.2350660  0.04906671  0.00215802  0.04690868  2
0.57309624  0.01132579  0.00010825  0.41546971  10.2060724  0.04901038  0.00204209  0.04696828  2
0.57212964  0.01129960  0.00009622  0.41647451  10.1772578  0.04884140  0.00181313  0.04702827  2
0.57116031  0.01127349  0.00008419  0.41748198  10.1484298  0.04867298  0.00158470  0.04708827  2
0.57019370  0.01124731  0.00007216  0.41848680  10.1197456  0.04850476  0.00135677  0.04714799  2
0.56920874  0.01124698  0.00006615  0.41947811  10.0910153  0.04844934  0.00124229  0.04720705  2
0.56823940  0.01122087  0.00005412  0.42048559  10.0623825  0.04828192  0.00101527  0.04726665  2
0.56727279  0.01119469  0.00004209  0.42149041  10.0338929  0.04811472  0.00078876  0.04732596  2
0.56630618  0.01116850  0.00003006  0.42249523  10.0054675  0.04794790  0.00056276  0.04738513  2
0.56531858  0.01116825  0.00002405  0.42348910  9.97691814  0.04789352  0.00044970  0.04744381  2
0.56435198  0.01114206  0.00001202  0.42449391  9.94862113  0.04772732  0.00022459  0.04750272  2
0.55970857  0.01108977  0.00254388  0.42665776  9.84451860  0.04739621  0.04739621  0.04762030  1
0.55871756  0.01108944  0.00254381  0.42764917  9.81624615  0.04734253  0.04734253  0.04767830  1
0.55774459  0.01106326  0.00253780  0.42865433  9.78814436  0.04717770  0.04717770  0.04773668  1
0.55676878  0.01103715  0.00253181  0.42966224  9.76002646  0.04701339  0.04701339  0.04779509  1
0.55579579  0.01101097  0.00252581  0.43066742  9.73205024  0.04684930  0.04684930  0.04785321  1
0.55480492  0.01101064  0.00252573  0.43165869  9.70403107  0.04679648  0.04679648  0.04791068  1
0.55382910  0.01098453  0.00251974  0.43266661  9.67610099  0.04663315  0.04663315  0.04796870  1
0.55285612  0.01095835  0.00251374  0.43367178  9.64831198  0.04647002  0.04647002  0.04802644  1
0.55188313  0.01093217  0.00250773  0.43467696  9.62058482  0.04630726  0.04630726  0.04808404  1
0.55088952  0.01093192  0.00250767  0.43567087  9.59273651  0.04625544  0.04625544  0.04814116  1
0.54991654  0.01090573  0.00250167  0.43667604  9.56513283  0.04609328  0.04609328  0.04819851  2
0.54894356  0.01087955  0.00249566  0.43768121  9.53759039  0.04593148  0.04593148  0.04825573  2
0.54795003  0.01087930  0.00249560  0.43867504  9.50992741  0.04588025  0.04588025  0.04831246  2
0.54697707  0.01085312  0.00248960  0.43968020  9.48250722  0.04571905  0.04571905  0.04836943  2
0.54600409  0.01082694  0.00248359  0.44068536  9.45514765  0.04555820  0.04555820  0.04842627  2
0.54502821  0.01080082  0.00247760  0.44169334  9.42776946  0.04539786  0.04539786  0.04848315  2
0.54403769  0.01080051  0.00247753  0.44268426  9.40042963  0.04534730  0.04534730  0.04853922  2
0.54306472  0.01077432  0.00247152  0.44368941  9.37325113  0.04518739  0.04518739  0.04859569  2
0.54208883  0.01074821  0.00246553  0.44469741  9.34605339  0.04502798  0.04502798  0.04865219  2
0.54111585  0.01072203  0.00245953  0.44570258  9.31899433  0.04486878  0.04486878  0.04870841  2
0.54012545  0.01072171  0.00245945  0.44669336  9.29189541  0.04481903  0.04481903  0.04876398  2
0.53914955  0.01069560  0.00245346  0.44770137  9.26487634  0.04466055  0.04466055  0.04882011  2
0.53817657  0.01066942  0.00244746  0.44870653  9.23799537  0.04450227  0.04450227  0.04887596  2
0.53720359  0.01064323  0.00244145  0.44971170  9.21117324  0.04434434  0.04434434  0.04893169  0
0.53621037  0.01064299  0.00244140  0.45070523  9.18423300  0.04429554  0.04429554  0.04898694  0
0.53523740  0.01061681  0.00243539  0.45171038  9.15752837  0.04413818  0.04413818  0.04904242  0
0.53426442  0.01059063  0.00242938  0.45271555  9.13088200  0.04398116  0.04398116  0.04909778  0
0.53328847  0.01056451  0.00242339  0.45372361  9.10421465  0.04382463  0.04382463  0.04915318  0
0.53229832  0.01056420  0.00242332  0.45471414  9.07758809  0.04377646  0.04377646  0.04920779  0
0.53132535  0.01053802  0.00241732  0.45571929  9.05111577  0.04362035  0.04362035  0.04926279  0
0.53034939  0.01051190  0.00241133  0.45672736  9.02462189  0.04346472  0.04346472  0.04931783  0
0.52937640  0.01048572  0.00240532  0.45773254  8.99826439  0.04330929  0.04330929  0.04937259  0
0.52838638  0.01048542  0.00240525  0.45872293  8.97186941  0.04326190  0.04326190  0.04942672  0
0.52741041  0.01045930  0.00239926  0.45973102  8.94554731  0.04310716  0.04310716  0.04948140  0
0.52696639  0.01044360  0.00239566  0.46019434  8.93353845  0.04302089  0.04302089  0.04950646  0
0.52597546  0.01044330  0.00239559  0.46118564  8.90725814  0.04297389  0.04297389  0.04956034  0
0.52499850  0.01041715  0.00238959  0.46219474  8.88104946  0.04281973  0.04281973  0.04961480  0
0.52402455  0.01039095  0.00238358  0.46320091  8.85497634  0.04266575  0.04266575  0.04966897  0
0.52305060  0.01036474  0.00237757  0.46420708  8.82895947  0.04251211  0.04251211  0.04972303  0
0.52205675  0.01036450  0.00237751  0.46520122  8.80282723  0.04246600  0.04246600  0.04977661  0
0.52108281  0.01033829  0.00237150  0.46620738  8.77692266  0.04231291  0.04231291  0.04983043  0
0.52010887  0.01031208  0.00236549  0.46721354  8.75107379  0.04216014  0.04216014  0.04988414  0
0.51913185  0.01028594  0.00235949  0.46822270  8.72520130  0.04200784  0.04200784  0.04993789  0
0.51814117  0.01028564  0.00235942  0.46921375  8.69937248  0.04196234  0.04196234  0.04999085  0
0.51716724  0.01025943  0.00235341  0.47021990  8.67368999  0.04181044  0.04181044  0.05004422  0
0.51619021  0.01023329  0.00234741  0.47122907  8.64798336  0.04165901  0.04165901  0.05009763  0
0.51521625  0.01020708  0.00234140  0.47223525  8.62241065  0.04150776  0.04150776  0.05015076  0
0.51422570  0.01020678  0.00234133  0.47322616  8.59680323  0.04146299  0.04146299  0.05020326  0
0.51324866  0.01018064  0.00233534  0.47423534  8.57126086  0.04131241  0.04131241  0.05025633  0
0.51227472  0.01015443  0.00232932  0.47524151  8.54585189  0.04116201  0.04116201  0.05030913  0
0.51130076  0.01012822  0.00232331  0.47624768  8.52049702  0.04101194  0.04101194  0.05036181  0
0.51030722  0.01012799  0.00232326  0.47724151  8.49502906  0.04096803  0.04096803  0.05041402  0
0.50933328  0.01010178  0.00231725  0.47824767  8.46978225  0.04081848  0.04081848  0.05046648  0
0.50835933  0.01007557  0.00231124  0.47925384  8.44458903  0.04066925  0.04066925  0.05051883  0
0.50738224  0.01004943  0.00230524  0.48026307  8.41937013  0.04052046  0.04052046  0.05057123  0
0.50639194  0.01004914  0.00230517  0.48125373  8.39419707  0.04047713  0.04047713  0.05062284  0
0.50541800  0.01002293  0.00229916  0.48225989  8.36916395  0.04032874  0.04032874  0.05067485  0
0.50444090  0.00999678  0.00229316  0.48326913  8.34410465  0.04018078  0.04018078  0.05072692  0
0.50345070  0.00999649  0.00229310  0.48425969  8.31909173  0.04013795  0.04013795  0.05077820  0
0.50247677  0.00997028  0.00228708  0.48526584  8.29421719  0.03999038  0.03999038  0.05082988  0
0.50149966  0.00994414  0.00228109  0.48627510  8.26931599  0.03984325  0.03984325  0.05088162  0
0.50052571  0.00991793  0.00227507  0.48728127  8.24454611  0.03969631  0.03969631  0.05093309  0
0.49953564  0.00991764  0.00227501  0.48827169  8.21974422  0.03965417  0.03965417  0.05098394  0
0.49855851  0.00989150  0.00226901  0.48928096  8.19499962  0.03950786  0.03950786  0.05103535  0
0.49758457  0.00986529  0.00226300  0.49028712  8.17038583  0.03936173  0.03936173  0.05108650  0
0.49661062  0.00983908  0.00225699  0.49129329  8.14582363  0.03921590  0.03921590  0.05113754  0
0.49561747  0.00983886  0.00225694  0.49228672  8.12115109  0.03917457  0.03917457  0.05118811  0
0.49464353  0.00981265  0.00225092  0.49329287  8.09669192  0.03902925  0.03902925  0.05123894  0
0.49366959  0.00978644  0.00224491  0.49429903  8.07228384  0.03888423  0.03888423  0.05128966  0
0.49269242  0.00976030  0.00223891  0.49530835  8.04784770  0.03873963  0.03873963  0.05134043  0
0.49170260  0.00976001  0.00223885  0.49629852  8.02345998  0.03869886  0.03869886  0.05139042  0
0.49072866  0.00973380  0.00223284  0.49730467  7.99920459  0.03855464  0.03855464  0.05144082  0
0.48975147  0.00970766  0.00222684  0.49831401  7.97492068  0.03841083  0.03841083  0.05149128  0
0.48877752  0.00968145  0.00222083  0.49932018  7.95076608  0.03826721  0.03826721  0.05154148  0
0.48778783  0.00968117  0.00222076  0.50031022  7.92658156  0.03822710  0.03822710  0.05159105  0
0.48681063  0.00965502  0.00221477  0.50131956  7.90244846  0.03808408  0.03808408  0.05164119  0
0.48583669  0.00962882  0.00220875  0.50232572  7.87844418  0.03794125  0.03794125  0.05169107  0
0.48486274  0.00960261  0.00220274  0.50333189  7.85448958  0.03779871  0.03779871  0.05174085  0
0.48386989  0.00960239  0.00220269  0.50432501  7.83042679  0.03775937  0.03775937  0.05179017  0
0.48289595  0.00957618  0.00219668  0.50533117  7.80657143  0.03761731  0.03761731  0.05183974  0
0.48192201  0.00954997  0.00219067  0.50633733  7.78276529  0.03747554  0.03747554  0.05188922  0
0.48092924  0.00954976  0.00219062  0.50733036  7.75885149  0.03743666  0.03743666  0.05193822  0
0.47995532  0.00952355  0.00218461  0.50833651  7.73514367  0.03729537  0.03729537  0.05198749  0
0.47898138  0.00949734  0.00217859  0.50934266  7.71148462  0.03715438  0.03715438  0.05203666  0
0.47800412  0.00947119  0.00217260  0.51035207  7.68779528  0.03701379  0.03701379  0.05208588  0
0.47701478  0.00947092  0.00217253  0.51134175  7.66415677  0.03697543  0.03697543  0.05213433  0
0.47604085  0.00944471  0.00216652  0.51234789  7.64064345  0.03683519  0.03683519  0.05218319  0
0.47506357  0.00941856  0.00216052  0.51335732  7.61709941  0.03669536  0.03669536  0.05223212  0
0.47408963  0.00939236  0.00215451  0.51436348  7.59368228  0.03655570  0.03655570  0.05228078  0
0.47310042  0.00939208  0.00215445  0.51535303  7.57023773  0.03651797  0.03651797  0.05232883  0
0.47212313  0.00936593  0.00214845  0.51636246  7.54683766  0.03637889  0.03637889  0.05237745  0
0.47114920  0.00933973  0.00214244  0.51736862  7.52356403  0.03623998  0.03623998  0.05242582  0
0.47017525  0.00931352  0.00213643  0.51837478  7.50033784  0.03610136  0.03610136  0.05247409  0
0.46918279  0.00931331  0.00213638  0.51936750  7.47700605  0.03606436  0.03606436  0.05252190  0
0.46820886  0.00928710  0.00213037  0.52037365  7.45387460  0.03592620  0.03592620  0.05256997  0
0.46723493  0.00926089  0.00212436  0.52137980  7.43079016  0.03578831  0.03578831  0.05261795  0
0.46625758  0.00923475  0.00211836  0.52238929  7.40767378  0.03565082  0.03565082  0.05266598  0
0.46526862  0.00923448  0.00211830  0.52337858  7.38461007  0.03561432  0.03561432  0.05271324  0
0.46429470  0.00920827  0.00211228  0.52438473  7.36166608  0.03547717  0.03547717  0.05276093  0
0.46331734  0.00918212  0.00210629  0.52539423  7.33868976  0.03534041  0.03534041  0.05280867  0
0.46234340  0.00915591  0.00210027  0.52640039  7.31583851  0.03520382  0.03520382  0.05285616  0
0.46135457  0.00915565  0.00210021  0.52738955  7.29296174  0.03516792  0.03516792  0.05290304  0
0.46037720  0.00912950  0.00209421  0.52839906  7.27012422  0.03503189  0.03503189  0.05295050  0
0.45940326  0.00910329  0.00208820  0.52940522  7.24741130  0.03489602  0.03489602  0.05299770  0
0.45841454  0.00910303  0.00208814  0.53039428  7.22467334  0.03486055  0.03486055  0.05304429  0
0.45743716  0.00907688  0.00208214  0.53140380  7.20197334  0.03472523  0.03472523  0.05309147  0
0.45646323  0.00905067  0.00207613  0.53240995  7.17939751  0.03459008  0.03459008  0.05313838  0
0.45548929  0.00902446  0.00207012  0.53341610  7.15686700  0.03445520  0.03445520  0.05318521  0
0.45449722  0.00902426  0.00207007  0.53440843  7.13423340  0.03442042  0.03442042  0.05323158  0
0.45352329  0.00899805  0.00206406  0.53541457  7.11179341  0.03428598  0.03428598  0.05327822  0
0.45254937  0.00897184  0.00205805  0.53642072  7.08939834  0.03415181  0.03415181  0.05332476  0
0.45157194  0.00894570  0.00205205  0.53743030  7.06696941  0.03401802  0.03401802  0.05337138  0
0.45058346  0.00894543  0.00205199  0.53841910  7.04459531  0.03398371  0.03398371  0.05341722  0
0.44960954  0.00891923  0.00204598  0.53942523  7.02233446  0.03385025  0.03385025  0.05346348  0
0.44863210  0.00889308  0.00203998  0.54043482  7.00003939  0.03371715  0.03371715  0.05350982  0
0.44765816  0.00886687  0.00203397  0.54144098  6.97786716  0.03358422  0.03358422  0.05355590  0
0.44666981  0.00886661  0.00203391  0.54242965  6.95567172  0.03355049  0.03355049  0.05360137  0
0.44569236  0.00884046  0.00202791  0.54343925  6.93350932  0.03341808  0.03341808  0.05364743  0
0.44471842  0.00881426  0.00202190  0.54444540  6.91146932  0.03328584  0.03328584  0.05369324  0
0.44374449  0.00878805  0.00201589  0.54545155  6.88947303  0.03315386  0.03315386  0.05373895  0
0.44275271  0.00878785  0.00201584  0.54644357  6.86737562  0.03312080  0.03312080  0.05378422  0
0.44177879  0.00876164  0.00200983  0.54744972  6.84546667  0.03298924  0.03298924  0.05382976  0
0.44080486  0.00873544  0.00200382  0.54845586  6.82360104  0.03285795  0.03285795  0.05387520  0
0.43982735  0.00870929  0.00199782  0.54946552  6.80170014  0.03272702  0.03272702  0.05392072  0
0.43883925  0.00870903  0.00199776  0.55045393  6.77985569  0.03269441  0.03269441  0.05396547  0
0.43786533  0.00868283  0.00199175  0.55146007  6.75811957  0.03256379  0.03256379  0.05401065  0
0.43688782  0.00865667  0.00198575  0.55246974  6.73634782  0.03243353  0.03243353  0.05405589  0
0.43589982  0.00865642  0.00198570  0.55345805  6.71463293  0.03240131  0.03240131  0.05410038  0
0.43492590  0.00863022  0.00197968  0.55446418  6.69302515  0.03227137  0.03227137  0.05414529  0
0.43394838  0.00860407  0.00197369  0.55547385  6.67138142  0.03214179  0.03214179  0.05419027  0
0.43297444  0.00857786  0.00196767  0.55648000  6.64985840  0.03201236  0.03201236  0.05423501  0
0.43198657  0.00857761  0.00196762  0.55746818  6.62831437  0.03198068  0.03198068  0.05427914  0
0.43100903  0.00855146  0.00196162  0.55847787  6.60679752  0.03185175  0.03185175  0.05432386  0
0.43003511  0.00852525  0.00195561  0.55948401  6.58540097  0.03172299  0.03172299  0.05436833  0
0.42906118  0.00849905  0.00194960  0.56049016  6.56404625  0.03159448  0.03159448  0.05441271  0
0.42806979  0.00849885  0.00194955  0.56148179  6.54259275  0.03156343  0.03156343  0.05445666  0
0.42709587  0.00847265  0.00194354  0.56248792  6.52132157  0.03143532  0.03143532  0.05450087  0
0.42612195  0.00844644  0.00193753  0.56349406  6.50009184  0.03130746  0.03130746  0.05454500  0
0.42514436  0.00842029  0.00193153  0.56450381  6.47882516  0.03117995  0.03117995  0.05458920  0
0.42415674  0.00842004  0.00193147  0.56549173  6.45761688  0.03114933  0.03114933  0.05463264  0
0.42318282  0.00839384  0.00192546  0.56649786  6.43651104  0.03102213  0.03102213  0.05467651  0
0.42220522  0.00836768  0.00191946  0.56750761  6.41536795  0.03089526  0.03089526  0.05472045  0
0.42123129  0.00834148  0.00191345  0.56851377  6.39434394  0.03076855  0.03076855  0.05476415  0
0.42024379  0.00834123  0.00191339  0.56950156  6.37330060  0.03073845  0.03073845  0.05480725  0
0.41926618  0.00831508  0.00190740  0.57051132  6.35228001  0.03061223  0.03061223  0.05485094  0
0.41829225  0.00828888  0.00190138  0.57151747  6.33137811  0.03048616  0.03048616  0.05489439  0
0.41730486  0.00828863  0.00190133  0.57250515  6.31045728  0.03045643  0.03045643  0.05493723  0
0.41632724  0.00826248  0.00189533  0.57351493  6.28955813  0.03033084  0.03033084  0.05498067  0
0.41535332  0.00823628  0.00188932  0.57452107  6.26877728  0.03020541  0.03020541  0.05502387  0
0.41437940  0.00821007  0.00188331  0.57552721  6.24803645  0.03008021  0.03008021  0.05506698  0
0.41338840  0.00820988  0.00188326  0.57651844  6.22719914  0.03005108  0.03005108  0.05510965  0
0.41241448  0.00818368  0.00187725  0.57752456  6.20653828  0.02992628  0.02992628  0.05515260  0
0.41144057  0.00815747  0.00187124  0.57853070  6.18591710  0.02980171  0.02980171  0.05519546  0
0.41046289  0.00813132  0.00186524  0.57954053  6.16525744  0.02967748  0.02967748  0.05523840  0
0.40947575  0.00813108  0.00186519  0.58052796  6.14465799  0.02964876  0.02964876  0.05528059  0
0.40850184  0.00810488  0.00185918  0.58153409  6.12415543  0.02952482  0.02952482  0.05532321  0
0.40752415  0.00807872  0.00185318  0.58254393  6.10361409  0.02940120  0.02940120  0.05536590  0
0.40655022  0.00805252  0.00184717  0.58355007  6.08318988  0.02927774  0.02927774  0.05540836  0
0.40556321  0.00805228  0.00184711  0.58453738  6.06274835  0.02924951  0.02924951  0.05545022  0
0.40458551  0.00802613  0.00184111  0.58554723  6.04232433  0.02912651  0.02912651  0.05549267  0
0.40361159  0.00799992  0.00183510  0.58655337  6.02201704  0.02900366  0.02900366  0.05553488  0
0.40263766  0.00797372  0.00182909  0.58755951  6.00174842  0.02888105  0.02888105  0.05557702  0
0.40164697  0.00797354  0.00182905  0.58855043  5.98138510  0.02885339  0.02885339  0.05561871  0
0.40067305  0.00794733  0.00182304  0.58955656  5.96119374  0.02873115  0.02873115  0.05566069  0
0.39969914  0.00792113  0.00181703  0.59056269  5.94104071  0.02860915  0.02860915  0.05570258  0
0.39872138  0.00789497  0.00181103  0.59157260  5.92084806  0.02848745  0.02848745  0.05574455  0
0.39773462  0.00789474  0.00181097  0.59255965  5.90071699  0.02846020  0.02846020  0.05578577  0
0.39676071  0.00786854  0.00180496  0.59356577  5.88067857  0.02833879  0.02833879  0.05582743  0
0.39578294  0.00784238  0.00179896  0.59457569  5.86060026  0.02821770  0.02821770  0.05586916  0
0.39479628  0.00784215  0.00179891  0.59556263  5.84058385  0.02819078  0.02819078  0.05591015  0
0.39382238  0.00781595  0.00179290  0.59656875  5.82065907  0.02806998  0.02806998  0.05595157  0
0.39284460  0.00778979  0.00178690  0.59757869  5.80069411  0.02794948  0.02794948  0.05599307  0
0.39187068  0.00776359  0.00178089  0.59858482  5.78084439  0.02782913  0.02782913  0.05603433  0
0.39088415  0.00776336  0.00178084  0.59957163  5.76097928  0.02780268  0.02780268  0.05607500  0
0.38990636  0.00773721  0.00177484  0.60058158  5.74112673  0.02768277  0.02768277  0.05611627  0
0.38893245  0.00771100  0.00176883  0.60158770  5.72138904  0.02756301  0.02756301  0.05615730  0
0.38795853  0.00768480  0.00176281  0.60259384  5.70168841  0.02744348  0.02744348  0.05619826  0
0.38696822  0.00768462  0.00176277  0.60358437  5.68189524  0.02741757  0.02741757  0.05623878  0
0.38599431  0.00765842  0.00175676  0.60459049  5.66226864  0.02729840  0.02729840  0.05627958  0
0.38502040  0.00763221  0.00175075  0.60559661  5.64267878  0.02717945  0.02717945  0.05632031  0
0.38404256  0.00760606  0.00174475  0.60660661  5.62304797  0.02706080  0.02706080  0.05636111  0
0.38305628  0.00760583  0.00174470  0.60759317  5.60348036  0.02703527  0.02703527  0.05640117  0
0.38208238  0.00757963  0.00173869  0.60859929  5.58400034  0.02691690  0.02691690  0.05644167  0
0.38110452  0.00755347  0.00173269  0.60960930  5.56447912  0.02679882  0.02679882  0.05648225  0
0.38013060  0.00752727  0.00172668  0.61061543  5.54507168  0.02668089  0.02668089  0.05652260  0
0.37914445  0.00752705  0.00172663  0.61160186  5.52565032  0.02665582  0.02665582  0.05656236  0
0.37816658  0.00750089  0.00172063  0.61261188  5.50623778  0.02653832  0.02653832  0.05660271  0
0.37719267  0.00747469  0.00171462  0.61361801  5.48693865  0.02642096  0.02642096  0.05664283  0
0.37621875  0.00744848  0.00170861  0.61462414  5.46767535  0.02630382  0.02630382  0.05668288  0
0.37522874  0.00744831  0.00170857  0.61561436  5.44832119  0.02627926  0.02627926  0.05672250  0
0.37425483  0.00742211  0.00170256  0.61662048  5.42912947  0.02616247  0.02616247  0.05676240  0
0.37328092  0.00739590  0.00169655  0.61762661  5.40997328  0.02604589  0.02604589  0.05680222  0
0.37229100  0.00739574  0.00169651  0.61861674  5.39072665  0.02602165  0.02602165  0.05684162  0
0.37131710  0.00736953  0.00169050  0.61962285  5.37164145  0.02590542  0.02590542  0.05688130  0
0.37034319  0.00734333  0.00168448  0.62062897  5.35259148  0.02578940  0.02578940  0.05692090  0
0.36936526  0.00731717  0.00167848  0.62163906  5.33349933  0.02567367  0.02567367  0.05696059  0
0.36837946  0.00731696  0.00167844  0.62262513  5.31447191  0.02564979  0.02564979  0.05699954  0
0.36740557  0.00729075  0.00167242  0.62363124  5.29552728  0.02553433  0.02553433  0.05703892  0
0.36642763  0.00726459  0.00166642  0.62464134  5.27654024  0.02541915  0.02541915  0.05707840  0
0.36545371  0.00723839  0.00166041  0.62564747  5.25766522  0.02530412  0.02530412  0.05711764  0
0.36446804  0.00723818  0.00166036  0.62663340  5.23877806  0.02528067  0.02528067  0.05715630  0
0.36349008  0.00721202  0.00165436  0.62764351  5.21989526  0.02516604  0.02516604  0.05719555  0
0.36251618  0.00718582  0.00164835  0.62864963  5.20112413  0.02505155  0.02505155  0.05723458  0
0.36154226  0.00715961  0.00164234  0.62965576  5.18238737  0.02493728  0.02493728  0.05727353  0
0.36055264  0.00715945  0.00164230  0.63064558  5.16356179  0.02491432  0.02491432  0.05731206  0
0.35957874  0.00713325  0.00163629  0.63165170  5.14489370  0.02480038  0.02480038  0.05735088  0
0.35860484  0.00710704  0.00163028  0.63265782  5.12625970  0.02468664  0.02468664  0.05738962  0
0.35762683  0.00708088  0.00162428  0.63366798  5.10758260  0.02457318  0.02457318  0.05742845  0
0.35664141  0.00708068  0.00162424  0.63465366  5.08897138  0.02455057  0.02455057  0.05746654  0
0.35566751  0.00705447  0.00161822  0.63565977  5.07043929  0.02443738  0.02443738  0.05750507  0
0.35468949  0.00702831  0.00161222  0.63666995  5.05186389  0.02432446  0.02432446  0.05754368  0
0.35371558  0.00700211  0.00160621  0.63767608  5.03339915  0.02421167  0.02421167  0.05758207  0
0.35273028  0.00700191  0.00160617  0.63866163  5.01492363  0.02418948  0.02418948  0.05761989  0
0.35175225  0.00697575  0.00160017  0.63967182  4.99644910  0.02407709  0.02407709  0.05765829  0
0.35077834  0.00694954  0.00159415  0.64067794  4.97808489  0.02396483  0.02396483  0.05769648  0
0.34979315  0.00694934  0.00159411  0.64166338  4.95971024  0.02394293  0.02394293  0.05773408  0
0.34881511  0.00692318  0.00158811  0.64267358  4.94133575  0.02383106  0.02383106  0.05777228  0
0.34784121  0.00689698  0.00158210  0.64367970  4.92307125  0.02371934  0.02371934  0.05781026  0
0.34686730  0.00687077  0.00157609  0.64468582  4.90483973  0.02360781  0.02360781  0.05784816  0
0.34587807  0.00687062  0.00157605  0.64567524  4.88652138  0.02358637  0.02358637  0.05788565  0
0.34490418  0.00684441  0.00157004  0.64668135  4.86835578  0.02347517  0.02347517  0.05792342  0
0.34393028  0.00681821  0.00156403  0.64768747  4.85022290  0.02336417  0.02336417  0.05796112  0
0.34295218  0.00679205  0.00155803  0.64869772  4.83204587  0.02325343  0.02325343  0.05799891  0
0.34196724  0.00679185  0.00155798  0.64968291  4.81393607  0.02323232  0.02323232  0.05803597  0
0.34099335  0.00676565  0.00155197  0.65068901  4.79590102  0.02312184  0.02312184  0.05807347  0
0.34001525  0.00673949  0.00154597  0.65169928  4.77782163  0.02301162  0.02301162  0.05811106  0
0.33904133  0.00671329  0.00153996  0.65270540  4.75985125  0.02290153  0.02290153  0.05814842  0
0.33805652  0.00671309  0.00153991  0.65369046  4.74187173  0.02288082  0.02288082  0.05818521  0
0.33707841  0.00668693  0.00153391  0.65470073  4.72388918  0.02277111  0.02277111  0.05822260  0
0.33610450  0.00666073  0.00152790  0.65570685  4.70601532  0.02266153  0.02266153  0.05825976  0
0.33513059  0.00663452  0.00152189  0.65671297  4.68817340  0.02255215  0.02255215  0.05829686  0
0.33414166  0.00663437  0.00152186  0.65770209  4.67024617  0.02253188  0.02253188  0.05833354  0
0.33316777  0.00660817  0.00151585  0.65870820  4.65246807  0.02242281  0.02242281  0.05837051  0
0.33219387  0.00658196  0.00150984  0.65971431  4.63472164  0.02231394  0.02231394  0.05840741  0
0.33121570  0.00655580  0.00150383  0.66072464  4.61693027  0.02220532  0.02220532  0.05844440  0
0.33023113  0.00655561  0.00150379  0.66170944  4.59920716  0.02218538  0.02218538  0.05848066  0
0.32925724  0.00652941  0.00149778  0.66271555  4.58155546  0.02207700  0.02207700  0.05851737  0
0.32827906  0.00650325  0.00149178  0.66372589  4.56385863  0.02196888  0.02196888  0.05855416  0
0.32729460  0.00650306  0.00149173  0.66471059  4.54623031  0.02194921  0.02194921  0.05859023  0
0.32632071  0.00647685  0.00148572  0.66571669  4.52867259  0.02184133  0.02184133  0.05862674  0
0.32534252  0.00645069  0.00147972  0.66672704  4.51106955  0.02173370  0.02173370  0.05866334  0
0.32436862  0.00642449  0.00147371  0.66773316  4.49357394  0.02162621  0.02162621  0.05869972  0
0.32338428  0.00642430  0.00147367  0.66871773  4.47607076  0.02160691  0.02160691  0.05873553  0
0.32240608  0.00639814  0.00146767  0.66972809  4.45856076  0.02149977  0.02149977  0.05877193  0
0.32143218  0.00637194  0.00146166  0.67073420  4.44115788  0.02139277  0.02139277  0.05880812  0
0.32045828  0.00634573  0.00145565  0.67174032  4.42378568  0.02128596  0.02128596  0.05884424  0
0.31946974  0.00634559  0.00145561  0.67272904  4.40633004  0.02126708  0.02126708  0.05887995  0
0.31849585  0.00631939  0.00144960  0.67373514  4.38901916  0.02116057  0.02116057  0.05891595  0
0.31752196  0.00629318  0.00144359  0.67474125  4.37173871  0.02105424  0.02105424  0.05895188  0
0.31654370  0.00626702  0.00143759  0.67575167  4.35441241  0.02094815  0.02094815  0.05898791  0
0.31555962  0.00626684  0.00143755  0.67673598  4.33715558  0.02092959  0.02092959  0.05902321  0
0.31458573  0.00624064  0.00143154  0.67774208  4.31996616  0.02082375  0.02082375  0.05905896  0
0.31360746  0.00621447  0.00142554  0.67875251  4.30273072  0.02071814  0.02071814  0.05909479  0
0.31263356  0.00618827  0.00141953  0.67975863  4.28560147  0.02061267  0.02061267  0.05913041  0
0.31164960  0.00618809  0.00141948  0.68074281  4.26846587  0.02059447  0.02059447  0.05916547  0
0.31067132  0.00616193  0.00141348  0.68175325  4.25132056  0.02048934  0.02048934  0.05920112  0
0.30969742  0.00613572  0.00140747  0.68275936  4.23428115  0.02038434  0.02038434  0.05923655  0
0.30872352  0.00610952  0.00140146  0.68376548  4.21727147  0.02027952  0.02027952  0.05927192  0
0.30773528  0.00610938  0.00140143  0.68475389  4.20017981  0.02026173  0.02026173  0.05930688  0
0.30676139  0.00608318  0.00139542  0.68575999  4.18322953  0.02015721  0.02015721  0.05934213  0
0.30578749  0.00605698  0.00138941  0.68676610  4.16630875  0.02005286  0.02005286  0.05937732  0
0.30479934  0.00605684  0.00138938  0.68775443  4.14930634  0.02003532  0.02003532  0.05941209  0
0.30382546  0.00603064  0.00138337  0.68876052  4.13244450  0.01993126  0.01993126  0.05944716  0
0.30285157  0.00600444  0.00137736  0.68976662  4.11561193  0.01982738  0.01982738  0.05948216  0
0.30187323  0.00597827  0.00137135  0.69077713  4.09873265  0.01972374  0.01972374  0.05951726  0
0.30088962  0.00597810  0.00137131  0.69176095  4.08192399  0.01970649  0.01970649  0.05955164  0
0.29991574  0.00595189  0.00136530  0.69276704  4.06517893  0.01960308  0.01960308  0.05958646  0
0.29893739  0.00592573  0.00135930  0.69377756  4.04838701  0.01949990  0.01949990  0.05962138  0
0.29796349  0.00589953  0.00135329  0.69478367  4.03169981  0.01939684  0.01939684  0.05965608  0
0.29698001  0.00589936  0.00135325  0.69576736  4.01500770  0.01937994  0.01937994  0.05969022  0
0.29600164  0.00587319  0.00134725  0.69677789  3.99830246  0.01927722  0.01927722  0.05972496  0
0.29502775  0.00584699  0.00134124  0.69778400  3.98170165  0.01917462  0.01917462  0.05975948  0
0.29405386  0.00582079  0.00133523  0.69879011  3.96512942  0.01907220  0.01907220  0.05979395  0
0.29306600  0.00582065  0.00133520  0.69977813  3.94847697  0.01905569  0.01905569  0.05982800  0
0.29209212  0.00579445  0.00132919  0.70078422  3.93196188  0.01895355  0.01895355  0.05986235  0
0.29111823  0.00576825  0.00132318  0.70179032  3.91547515  0.01885158  0.01885158  0.05989664  0
0.29013981  0.00574208  0.00131718  0.70280091  3.89894110  0.01874984  0.01874984  0.05993102  0
0.28915658  0.00574192  0.00131714  0.70378434  3.88247851  0.01873361  0.01873361  0.05996469  0
0.28818270  0.00571572  0.00131113  0.70479044  3.86607661  0.01863210  0.01863210  0.05999880  0
0.28720427  0.00568955  0.00130512  0.70580103  3.84962725  0.01853081  0.01853081  0.06003300  0
0.28623037  0.00566335  0.00129911  0.70680715  3.83328145  0.01842964  0.01842964  0.06006700  0
0.28524727  0.00566318  0.00129908  0.70779045  3.81693185  0.01841375  0.01841375  0.06010043  0
0.28426883  0.00563702  0.00129307  0.70880106  3.80056652  0.01831290  0.01831290  0.06013446  0
0.28329494  0.00561082  0.00128706  0.70980716  3.78430447  0.01821218  0.01821218  0.06016828  0
0.28231194  0.00561065  0.00128703  0.71079036  3.76803890  0.01819651  0.01819651  0.06020155  0
0.28133349  0.00558449  0.00128102  0.71180098  3.75175697  0.01809611  0.01809611  0.06023540  0
0.28035961  0.00555828  0.00127501  0.71280708  3.73557803  0.01799583  0.01799583  0.06026905  0
0.27938572  0.00553208  0.00126900  0.71381318  3.71942660  0.01789572  0.01789572  0.06030264  0
0.27839825  0.00553196  0.00126897  0.71480080  3.70319666  0.01788042  0.01788042  0.06033583  0
0.27742437  0.00550575  0.00126296  0.71580689  3.68710020  0.01778058  0.01778058  0.06036931  0
0.27645049  0.00547955  0.00125695  0.71681299  3.67103103  0.01768091  0.01768091  0.06040273  0
0.27547198  0.00545339  0.00125095  0.71782366  3.65491382  0.01758145  0.01758145  0.06043624  0
0.27448924  0.00545323  0.00125091  0.71880660  3.63886909  0.01756643  0.01756643  0.06046905  0
0.27351536  0.00542703  0.00124490  0.71981269  3.62288156  0.01746719  0.01746719  0.06050230  0
0.27253684  0.00540086  0.00123890  0.72082338  3.60684585  0.01736816  0.01736816  0.06053565  0
0.27156295  0.00537466  0.00123289  0.72182948  3.59091230  0.01726926  0.01726926  0.06056879  0
0.27058033  0.00537450  0.00123285  0.72281230  3.57497630  0.01725455  0.01725455  0.06060137  0
0.26960180  0.00534833  0.00122685  0.72382299  3.55902147  0.01715596  0.01715596  0.06063455  0
0.26862792  0.00532213  0.00122084  0.72482909  3.54316854  0.01705749  0.01705749  0.06066752  0
0.26765403  0.00529593  0.00121483  0.72583519  3.52734228  0.01695918  0.01695918  0.06070044  0
0.26666686  0.00529581  0.00121480  0.72682251  3.51143885  0.01694483  0.01694483  0.06073296  0
0.26569298  0.00526961  0.00120879  0.72782860  3.49566591  0.01684678  0.01684678  0.06076576  0
0.26471910  0.00524341  0.00120278  0.72883469  3.47991945  0.01674890  0.01674890  0.06079851  0
0.26374052  0.00521724  0.00119678  0.72984544  3.46412441  0.01665122  0.01665122  0.06083136  0
0.26275815  0.00521709  0.00119675  0.73082800  3.44840261  0.01663714  0.01663714  0.06086350  0
0.26178427  0.00519089  0.00119074  0.73183409  3.43273534  0.01653967  0.01653967  0.06089609  0
0.26080568  0.00516472  0.00118473  0.73284485  3.41701937  0.01644242  0.01644242  0.06092877  0
0.25982341  0.00516457  0.00118470  0.73382731  3.40137681  0.01642854  0.01642854  0.06096075  0
0.25884954  0.00513837  0.00117869  0.73483339  3.38578815  0.01633150  0.01633150  0.06099318  0
0.25787094  0.00511220  0.00117269  0.73584416  3.37015065  0.01623466  0.01623466  0.06102570  0
0.25689705  0.00508600  0.00116667  0.73685026  3.35461396  0.01613795  0.01613795  0.06105801  0
0.25591491  0.00508585  0.00116664  0.73783258  3.33907609  0.01612437  0.01612437  0.06108978  0
0.25493630  0.00505968  0.00116064  0.73884337  3.32351648  0.01602795  0.01602795  0.06112214  0
0.25396242  0.00503348  0.00115463  0.73984946  3.30805741  0.01593164  0.01593164  0.06115429  0
0.25298853  0.00500728  0.00114862  0.74085555  3.29262403  0.01583550  0.01583550  0.06118639  0
0.25200175  0.00500716  0.00114859  0.74184247  3.27711511  0.01582226  0.01582226  0.06121810  0
0.25102788  0.00498096  0.00114258  0.74284855  3.26173308  0.01572637  0.01572637  0.06125009  0
0.25005400  0.00495476  0.00113657  0.74385464  3.24637655  0.01563064  0.01563064  0.06128203  0
0.24907534  0.00492859  0.00113057  0.74486548  3.23097082  0.01553510  0.01553510  0.06131407  0
0.24809344  0.00492845  0.00113053  0.74584755  3.21563923  0.01552212  0.01552212  0.06134541  0
0.24711957  0.00490225  0.00112452  0.74685363  3.20035897  0.01542679  0.01542679  0.06137719  0
0.24614090  0.00487608  0.00111852  0.74786448  3.18502941  0.01533166  0.01533166  0.06140908  0
0.24516701  0.00484988  0.00111251  0.74887058  3.16979960  0.01523664  0.01523664  0.06144075  0
0.24418524  0.00484974  0.00111248  0.74985252  3.15456960  0.01522396  0.01522396  0.06147189  0
0.24320655  0.00482357  0.00110648  0.75086338  3.13931562  0.01512923  0.01512923  0.06150361  0
0.24223267  0.00479737  0.00110047  0.75186947  3.12416115  0.01503461  0.01503461  0.06153513  0
0.24125101  0.00479723  0.00110043  0.75285131  3.10900673  0.01502213  0.01502213  0.06156611  0
0.24027231  0.00477106  0.00109443  0.75386218  3.09382778  0.01492780  0.01492780  0.06159768  0
0.23929844  0.00474486  0.00108842  0.75486826  3.07874809  0.01483358  0.01483358  0.06162905  0
0.23832456  0.00471866  0.00108241  0.75587435  3.06369314  0.01473952  0.01473952  0.06166036  0
0.23733817  0.00471855  0.00108239  0.75686088  3.04856422  0.01472736  0.01472736  0.06169128  0
0.23636430  0.00469235  0.00107638  0.75786695  3.03355875  0.01463354  0.01463354  0.06172250  0
0.23539043  0.00466615  0.00107037  0.75887304  3.01857785  0.01453988  0.01453988  0.06175366  0
0.23441168  0.00463998  0.00106436  0.75988396  3.00354718  0.01444640  0.01444640  0.06178492  0
0.23343026  0.00463984  0.00106433  0.76086554  2.98859149  0.01443448  0.01443448  0.06181549  0
0.23245640  0.00461364  0.00105832  0.76187162  2.97368409  0.01434121  0.01434121  0.06184650  0
0.23147764  0.00458747  0.00105232  0.76288256  2.95872681  0.01424813  0.01424813  0.06187761  0
0.23050375  0.00456127  0.00104631  0.76388865  2.94386802  0.01415516  0.01415516  0.06190851  0
0.22952247  0.00456114  0.00104628  0.76487010  2.92901022  0.01414352  0.01414352  0.06193888  0
0.22854369  0.00453497  0.00104027  0.76588105  2.91412580  0.01405082  0.01405082  0.06196984  0
0.22779848  0.00451330  0.00103530  0.76665290  2.90280368  0.01397492  0.01397492  0.06199342  0
0.22682362  0.00448707  0.00102929  0.76766000  2.88802109  0.01388237  0.01388237  0.06202417  0
0.22583654  0.00448697  0.00102926  0.76864722  2.87316566  0.01387101  0.01387101  0.06205453  0
0.22486169  0.00446074  0.00102325  0.76965430  2.85843123  0.01377869  0.01377869  0.06208518  0
0.22388684  0.00443451  0.00101723  0.77066139  2.84372071  0.01368652  0.01368652  0.06211578  0
0.22290703  0.00440832  0.00101122  0.77167341  2.82896000  0.01359454  0.01359454  0.06214648  0
0.22192500  0.00440819  0.00101119  0.77265560  2.81427497  0.01358342  0.01358342  0.06217650  0
0.22095016  0.00438196  0.00100518  0.77366268  2.79963601  0.01349163  0.01349163  0.06220695  0
0.21997034  0.00435576  0.00099917  0.77467471  2.78494675  0.01340003  0.01340003  0.06223750  0
0.21898841  0.00435564  0.00099914  0.77565680  2.77033333  0.01338909  0.01338909  0.06226736  0
0.21801358  0.00432941  0.00099312  0.77666387  2.75576541  0.01329769  0.01329769  0.06229767  0
0.21703374  0.00430321  0.00098711  0.77767591  2.74114708  0.01320646  0.01320646  0.06232808  0
0.21605889  0.00427698  0.00098110  0.77868301  2.72662614  0.01311535  0.01311535  0.06235828  0
0.21507709  0.00427686  0.00098107  0.77966496  2.71210734  0.01310468  0.01310468  0.06238795  0
0.21409725  0.00425066  0.00097506  0.78067701  2.69755944  0.01301383  0.01301383  0.06241821  0
0.21312240  0.00422444  0.00096904  0.78168410  2.68310868  0.01292310  0.01292310  0.06244827  0
0.21214755  0.00419821  0.00096302  0.78269119  2.66868115  0.01283251  0.01283251  0.06247829  0
0.21116085  0.00419811  0.00096300  0.78367801  2.65418229  0.01282213  0.01282213  0.06250791  0
0.21018602  0.00417189  0.00095699  0.78468509  2.63980121  0.01273177  0.01273177  0.06253783  0
0.20921117  0.00414566  0.00095097  0.78569218  2.62544318  0.01264155  0.01264155  0.06256770  0
0.20823127  0.00411946  0.00094496  0.78670428  2.61103447  0.01255151  0.01255151  0.06259767  0
0.20724973  0.00411934  0.00094493  0.78768598  2.59670220  0.01254136  0.01254136  0.06262695  0
0.20627489  0.00409312  0.00093892  0.78869306  2.58241318  0.01245151  0.01245151  0.06265668  0
0.20529498  0.00406692  0.00093291  0.78970518  2.56807338  0.01236184  0.01236184  0.06268651  0
0.20432013  0.00404069  0.00092689  0.79071227  2.55383001  0.01227228  0.01227228  0.06271614  0
0.20333871  0.00404057  0.00092686  0.79169384  2.53958964  0.01226239  0.01226239  0.06274523  0
0.20235879  0.00401437  0.00092085  0.79270597  2.52531826  0.01217308  0.01217308  0.06277492  0
0.20138394  0.00398815  0.00091484  0.79371306  2.51114307  0.01208388  0.01208388  0.06280441  0
0.20040909  0.00396192  0.00090882  0.79472015  2.49699044  0.01199483  0.01199483  0.06283385  0
0.19942269  0.00396183  0.00090880  0.79570666  2.48276765  0.01198522  0.01198522  0.06286291  0
0.19844785  0.00393560  0.00090279  0.79671374  2.46866014  0.01189639  0.01189639  0.06289226  0
0.19747301  0.00390938  0.00089677  0.79772082  2.45457504  0.01180769  0.01180769  0.06292156  0
0.19648670  0.00390929  0.00089675  0.79870724  2.44042006  0.01179826  0.01179826  0.06295048  0
0.19551186  0.00388306  0.00089073  0.79971432  2.42637976  0.01170979  0.01170979  0.06297969  0
0.19453189  0.00385686  0.00088472  0.80072650  2.41228837  0.01162148  0.01162148  0.06300900  0
0.19355704  0.00383064  0.00087871  0.80173359  2.39829254  0.01153329  0.01153329  0.06303812  0
0.19257598  0.00383053  0.00087868  0.80271480  2.38430049  0.01152407  0.01152407  0.06306670  0
0.19159599  0.00380432  0.00087267  0.80372699  2.37027575  0.01143612  0.01143612  0.06309588  0
0.19062115  0.00377810  0.00086666  0.80473408  2.35634632  0.01134829  0.01134829  0.06312486  0
0.18964630  0.00375187  0.00086064  0.80574116  2.34243889  0.01126058  0.01126058  0.06315379  0
0.18866019  0.00375179  0.00086062  0.80672738  2.32846232  0.01125165  0.01125165  0.06318234  0
0.18768536  0.00372556  0.00085460  0.80773446  2.31459884  0.01116416  0.01116416  0.06321119  0
0.18671052  0.00369934  0.00084859  0.80874154  2.30075718  0.01107681  0.01107681  0.06323998  0
0.18573048  0.00367314  0.00084258  0.80975379  2.28686419  0.01098963  0.01098963  0.06326888  0
0.18474966  0.00367303  0.00084255  0.81073474  2.27304868  0.01098091  0.01098091  0.06329711  0
0.18377483  0.00364680  0.00083654  0.81174181  2.25927234  0.01089391  0.01089391  0.06332577  0
0.18279478  0.00362060  0.00083053  0.81275407  2.24544459  0.01080707  0.01080707  0.06335453  0
0.18181993  0.00359438  0.00082451  0.81376116  2.23171147  0.01072035  0.01072035  0.06338310  0
0.18083924  0.00359427  0.00082449  0.81474198  2.21798296  0.01071187  0.01071187  0.06341115  0
0.17985918  0.00356807  0.00081848  0.81575426  2.20421999  0.01062538  0.01062538  0.06343978  0
0.17888434  0.00354184  0.00081246  0.81676134  2.19055142  0.01053900  0.01053900  0.06346822  0
0.17790949  0.00351562  0.00080645  0.81776843  2.17690422  0.01045275  0.01045275  0.06349661  0
0.17692368  0.00351554  0.00080643  0.81875434  2.16318902  0.01044454  0.01044454  0.06352462  0
0.17594884  0.00348931  0.00080041  0.81976141  2.14958455  0.01035850  0.01035850  0.06355293  0
0.17497400  0.00346309  0.00079440  0.82076850  2.13600130  0.01027260  0.01027260  0.06358119  0
0.17398828  0.00346301  0.00079438  0.82175432  2.12235032  0.01026454  0.01026454  0.06360907  0
0.17301345  0.00343678  0.00078836  0.82276139  2.10880950  0.01017885  0.01017885  0.06363725  0
0.17203861  0.00341056  0.00078235  0.82376846  2.09528975  0.01009329  0.01009329  0.06366537  0
0.17105849  0.00338436  0.00077633  0.82478080  2.08171829  0.01000788  0.01000788  0.06369361  0
0.17007815  0.00338426  0.00077631  0.82576126  2.06822492  0.01000003  0.01000003  0.06372117  0
0.16910333  0.00335803  0.00077030  0.82676832  2.05476823  0.00991481  0.00991481  0.06374917  0
0.16812319  0.00333183  0.00076429  0.82778067  2.04125975  0.00982974  0.00982974  0.06377727  0
0.16714835  0.00330560  0.00075827  0.82878776  2.02784478  0.00974479  0.00974479  0.06380518  0
0.16616814  0.00330551  0.00075825  0.82976809  2.01443542  0.00973717  0.00973717  0.06383257  0
0.16518799  0.00327930  0.00075224  0.83078045  2.00098948  0.00965244  0.00965244  0.06386054  0
0.16421315  0.00325308  0.00074622  0.83178752  1.98763684  0.00956781  0.00956781  0.06388832  0
0.16323831  0.00322685  0.00074021  0.83279461  1.97430483  0.00948332  0.00948332  0.06391606  0
0.16225289  0.00322678  0.00074019  0.83378012  1.96090617  0.00947595  0.00947595  0.06394342  0
0.16127806  0.00320056  0.00073417  0.83478719  1.94761542  0.00939166  0.00939166  0.06397108  0
0.16030323  0.00317433  0.00072816  0.83579427  1.93434516  0.00930750  0.00930750  0.06399869  0
0.15932303  0.00314813  0.00072215  0.83680668  1.92102290  0.00922349  0.00922349  0.06402641  0
0.15834307  0.00314804  0.00072213  0.83778675  1.90777922  0.00921632  0.00921632  0.06405345  0
0.15736824  0.00312181  0.00071611  0.83879382  1.89457028  0.00913249  0.00913249  0.06408094  0
0.15638803  0.00309561  0.00071010  0.83980625  1.88130928  0.00904881  0.00904881  0.06410852  0
0.15541318  0.00306938  0.00070408  0.84081333  1.86814092  0.00896523  0.00896523  0.06413592  0
0.15443335  0.00306929  0.00070406  0.84179328  1.85497892  0.00895829  0.00895829  0.06416280  0
0.15345313  0.00304309  0.00069805  0.84280571  1.84177876  0.00887493  0.00887493  0.06419027  0
0.15247829  0.00301686  0.00069204  0.84381279  1.82867102  0.00879168  0.00879168  0.06421754  0
0.15149856  0.00301677  0.00069202  0.84479263  1.81556982  0.00878489  0.00878489  0.06424429  0
0.15051833  0.00299057  0.00068600  0.84580508  1.80243007  0.00870186  0.00870186  0.06427163  0
0.14954350  0.00296435  0.00067999  0.84681215  1.78938252  0.00861893  0.00861893  0.06429878  0
0.14856866  0.00293812  0.00067397  0.84781923  1.77635491  0.00853613  0.00853613  0.06432589  0
0.14758363  0.00293805  0.00067396  0.84880434  1.76326196  0.00852957  0.00852957  0.06435262  0
0.14660880  0.00291183  0.00066794  0.84981141  1.75027420  0.00844697  0.00844697  0.06437965  0
0.14563397  0.00288561  0.00066193  0.85081847  1.73730623  0.00836449  0.00836449  0.06440663  0
0.14465369  0.00285940  0.00065591  0.85183098  1.72428596  0.00828216  0.00828216  0.06443372  0
0.14367421  0.00285932  0.00065590  0.85281056  1.71134480  0.00827580  0.00827580  0.06446014  0
0.14269939  0.00283309  0.00064988  0.85381762  1.69843608  0.00819364  0.00819364  0.06448700  0
0.14171909  0.00280689  0.00064387  0.85483014  1.68547499  0.00811162  0.00811162  0.06451397  0
0.14074425  0.00278066  0.00063785  0.85583722  1.67260547  0.00802971  0.00802971  0.06454075  0
0.13976490  0.00278058  0.00063783  0.85681667  1.65974323  0.00802356  0.00802356  0.06456701  0
0.13878459  0.00275437  0.00063182  0.85782919  1.64684091  0.00794186  0.00794186  0.06459386  0
0.13780976  0.00272815  0.00062581  0.85883626  1.63402996  0.00786027  0.00786027  0.06462051  0
0.13683492  0.00270193  0.00061979  0.85984334  1.62123840  0.00777880  0.00777880  0.06464713  0
0.13585019  0.00270187  0.00061978  0.86082815  1.60838253  0.00777288  0.00777288  0.06467338  0
0.13487536  0.00267564  0.00061376  0.86183521  1.59562975  0.00769159  0.00769159  0.06469992  0
0.13390053  0.00264942  0.00060775  0.86284228  1.58289622  0.00761044  0.00761044  0.06472641  0
0.13292017  0.00262321  0.00060174  0.86385486  1.57011017  0.00752942  0.00752942  0.06475302  0
0.13194107  0.00262313  0.00060172  0.86483406  1.55740363  0.00752368  0.00752368  0.06477896  0
0.13096625  0.00259691  0.00059570  0.86584112  1.54472775  0.00744284  0.00744284  0.06480534  0
0.12998587  0.00257070  0.00058969  0.86685371  1.53199928  0.00736213  0.00736213  0.06483182  0
0.12900687  0.00257063  0.00058967  0.86783281  1.51935043  0.00735653  0.00735653  0.06485764  0
0.12803206  0.00254440  0.00058366  0.86883986  1.50673180  0.00727599  0.00727599  0.06488390  0
0.12705167  0.00251820  0.00057765  0.86985246  1.49406053  0.00719559  0.00719559  0.06491027  0
0.12607684  0.00249197  0.00057163  0.87085954  1.48147980  0.00711529  0.00711529  0.06493645  0
0.12509797  0.00249190  0.00057161  0.87183850  1.46890722  0.00710990  0.00710990  0.06496211  0
0.12411757  0.00246569  0.00056560  0.87285111  1.45629276  0.00702981  0.00702981  0.06498836  0
0.12314275  0.00243947  0.00055959  0.87385818  1.44376864  0.00694981  0.00694981  0.06501442  0
0.12216792  0.00241325  0.00055357  0.87486525  1.43126326  0.00686994  0.00686994  0.06504044  0
0.12118357  0.00241319  0.00055356  0.87584966  1.41869481  0.00686477  0.00686477  0.06506610  0
0.12020875  0.00238697  0.00054754  0.87685672  1.40622691  0.00678508  0.00678508  0.06509205  0
0.11923393  0.00236074  0.00054153  0.87786378  1.39377764  0.00670551  0.00670551  0.06511795  0
0.11825348  0.00233454  0.00053552  0.87887645  1.38127557  0.00662607  0.00662607  0.06514397  0
0.11727486  0.00233447  0.00053550  0.87985516  1.36885349  0.00662108  0.00662108  0.06516932  0
0.11630004  0.00230824  0.00052949  0.88086221  1.35645994  0.00654181  0.00654181  0.06519512  0
0.11531958  0.00228204  0.00052347  0.88187489  1.34401355  0.00646267  0.00646267  0.06522101  0
0.11434475  0.00225581  0.00051746  0.88288196  1.33165688  0.00638363  0.00638363  0.06524673  0
0.11336625  0.00225575  0.00051744  0.88386054  1.31930904  0.00637884  0.00637884  0.06527193  0
0.11238578  0.00222954  0.00051143  0.88487323  1.30691796  0.00630000  0.00630000  0.06529772  0
0.11141096  0.00220331  0.00050542  0.88588030  1.29461639  0.00622126  0.00622126  0.06532332  0
0.11043612  0.00217709  0.00049940  0.88688737  1.28233308  0.00614264  0.00614264  0.06534888  0
0.10945208  0.00217704  0.00049939  0.88787147  1.26998768  0.00613806  0.00613806  0.06537408  0
0.10847726  0.00215082  0.00049337  0.88887853  1.25774085  0.00605962  0.00605962  0.06539956  0
0.10750244  0.00212459  0.00048736  0.88988559  1.24551216  0.00598129  0.00598129  0.06542501  0
0.10651848  0.00212455  0.00048735  0.89086961  1.23322161  0.00597684  0.00597684  0.06545010  0
0.10554367  0.00209832  0.00048133  0.89187666  1.22102916  0.00589869  0.00589869  0.06547547  0
0.10456885  0.00207210  0.00047532  0.89288371  1.20885472  0.00582065  0.00582065  0.06550081  0
0.10358831  0.00204589  0.00046930  0.89389647  1.19662725  0.00574275  0.00574275  0.06552625  0
0.10261017  0.00204583  0.00046929  0.89487469  1.18448022  0.00573847  0.00573847  0.06555104  0
0.10163536  0.00201961  0.00046327  0.89588174  1.17235967  0.00566073  0.00566073  0.06557627  0
0.10065481  0.00199340  0.00045726  0.89689451  1.16018606  0.00558311  0.00558311  0.06560160  0
0.09967999  0.00196717  0.00045125  0.89790157  1.14810118  0.00550560  0.00550560  0.06562675  0
0.09870197  0.00196712  0.00045123  0.89887966  1.13602595  0.00550151  0.00550151  0.06565139  0
0.09772141  0.00194091  0.00044522  0.89989244  1.12390583  0.00542418  0.00542418  0.06567662  0
0.09674659  0.00191468  0.00043921  0.90089950  1.11187425  0.00534695  0.00534695  0.06570166  0
0.09577177  0.00188846  0.00043319  0.90190656  1.09986033  0.00526984  0.00526984  0.06572666  0
0.09478811  0.00188842  0.00043318  0.90289027  1.08778550  0.00526595  0.00526595  0.06575130  0
0.09381330  0.00186220  0.00042717  0.90389732  1.07580687  0.00518901  0.00518901  0.06577623  0
0.09283848  0.00183597  0.00042115  0.90490438  1.06384578  0.00511218  0.00511218  0.06580112  0
0.09185787  0.00180976  0.00041514  0.90591721  1.05183150  0.00503548  0.00503548  0.06582613  0
0.09088010  0.00180971  0.00041513  0.90689504  1.03989798  0.00503176  0.00503176  0.06585048  0
0.08990529  0.00178349  0.00040911  0.90790209  1.02798937  0.00495521  0.00495521  0.06587526  0
0.08892467  0.00175728  0.00040310  0.90891494  1.01602754  0.00487879  0.00487879  0.06590015  0
0.08794984  0.00173105  0.00039708  0.90992200  1.00415368  0.00480247  0.00480247  0.06592487  0
0.08697220  0.00173100  0.00039707  0.91089970  0.99229008  0.00479894  0.00479894  0.06594908  0
0.08599157  0.00170479  0.00039106  0.91191256  0.98038035  0.00472279  0.00472279  0.06597386  0
0.08501675  0.00167857  0.00038504  0.91291962  0.96855840  0.00464675  0.00464675  0.06599846  0
0.08403921  0.00167852  0.00038503  0.91389722  0.95674687  0.00464334  0.00464334  0.06602257  0
0.08305857  0.00165231  0.00037902  0.91491009  0.94488890  0.00456748  0.00456748  0.06604724  0
0.08208375  0.00162609  0.00037300  0.91591714  0.93311852  0.00449171  0.00449171  0.06607174  0
0.08110894  0.00159986  0.00036699  0.91692419  0.92136521  0.00441606  0.00441606  0.06609620  0
0.08012567  0.00159983  0.00036698  0.91790751  0.90955217  0.00441284  0.00441284  0.06612031  0
0.07915086  0.00157360  0.00036097  0.91891455  0.89783302  0.00433735  0.00433735  0.06614470  0
0.07817605  0.00154738  0.00035495  0.91992160  0.88613084  0.00426198  0.00426198  0.06616905  0
0.07719535  0.00152117  0.00034894  0.92093452  0.87437530  0.00418672  0.00418672  0.06619352  0
0.07621806  0.00152112  0.00034893  0.92191186  0.86270090  0.00418366  0.00418366  0.06621734  0
0.07524326  0.00149490  0.00034291  0.92291891  0.85104951  0.00410856  0.00410856  0.06624159  0
0.07426255  0.00146869  0.00033690  0.92393184  0.83934473  0.00403357  0.00403357  0.06626595  0
0.07328773  0.00144247  0.00033088  0.92493890  0.82772697  0.00395869  0.00395869  0.06629013  0
0.07231057  0.00144243  0.00033087  0.92591611  0.81612023  0.00395581  0.00395581  0.06631381  0
0.07132985  0.00141621  0.00032486  0.92692906  0.80446587  0.00388110  0.00388110  0.06633806  0
0.07035503  0.00138999  0.00031885  0.92793611  0.79289836  0.00380648  0.00380648  0.06636214  0
0.06938021  0.00136377  0.00031283  0.92894317  0.78134748  0.00373198  0.00373198  0.06638618  0
0.06839725  0.00136374  0.00031282  0.92992617  0.76973776  0.00372928  0.00372928  0.06640987  0
0.06742244  0.00133752  0.00030681  0.93093322  0.75822016  0.00365493  0.00365493  0.06643384  0
0.06644763  0.00131129  0.00030079  0.93194027  0.74671909  0.00358069  0.00358069  0.06645778  0
0.06546474  0.00131126  0.00030079  0.93292319  0.73515940  0.00357811  0.00357811  0.06648136  0
0.06448994  0.00128504  0.00029477  0.93393022  0.72369140  0.00350403  0.00350403  0.06650523  0
0.06351514  0.00125882  0.00028876  0.93493726  0.71223982  0.00343007  0.00343007  0.06652907  0
0.06253435  0.00123261  0.00028274  0.93595028  0.70073472  0.00335621  0.00335621  0.06655301  0
0.06155755  0.00123257  0.00028274  0.93692713  0.68931111  0.00335379  0.00335379  0.06657632  0
0.06058275  0.00120635  0.00027672  0.93793416  0.67790870  0.00328008  0.00328008  0.06660005  0
0.05960195  0.00118014  0.00027071  0.93894718  0.66645274  0.00320649  0.00320649  0.06662389  0
0.05862714  0.00115391  0.00026469  0.93995424  0.65508289  0.00313300  0.00313300  0.06664756  0
0.05765046  0.00115388  0.00026469  0.94093096  0.64372479  0.00313074  0.00313074  0.06667073  0
0.05666965  0.00112767  0.00025867  0.94194399  0.63231766  0.00305742  0.00305742  0.06669447  0
0.05569484  0.00110144  0.00025266  0.94295104  0.62099645  0.00298419  0.00298419  0.06671804  0
0.05472003  0.00107522  0.00024664  0.94395809  0.60969135  0.00291106  0.00291106  0.06674157  0
0.05373745  0.00107520  0.00024664  0.94494070  0.59832852  0.00290898  0.00290898  0.06676475  0
0.05276265  0.00104898  0.00024062  0.94594774  0.58705564  0.00283601  0.00283601  0.06678821  0
0.05178784  0.00102276  0.00023461  0.94695478  0.57579878  0.00276315  0.00276315  0.06681164  0
0.05080698  0.00099654  0.00022859  0.94796787  0.56448829  0.00269039  0.00269039  0.06683518  0
0.04983055  0.00099651  0.00022859  0.94894433  0.55325954  0.00268847  0.00268847  0.06685809  0
0.04885575  0.00097029  0.00022257  0.94995137  0.54205060  0.00261586  0.00261586  0.06688142  0
0.04787488  0.00094407  0.00021656  0.95096447  0.53078800  0.00254337  0.00254337  0.06690486  0
0.04690006  0.00091785  0.00021054  0.95197152  0.51961079  0.00247097  0.00247097  0.06692813  0
0.04592376  0.00091783  0.00021054  0.95294786  0.50844589  0.00246921  0.00246921  0.06695090  0
0.04494288  0.00089161  0.00020452  0.95396097  0.49723089  0.00239697  0.00239697  0.06697424  0
0.04396807  0.00086539  0.00019851  0.95496802  0.48610110  0.00232483  0.00232483  0.06699741  0
0.04299187  0.00086536  0.00019850  0.95594425  0.47498375  0.00232317  0.00232317  0.06702008  0
0.04201097  0.00083915  0.00019249  0.95695737  0.46381603  0.00225119  0.00225119  0.06704333  0
0.04103617  0.00081293  0.00018647  0.95796441  0.45273336  0.00217930  0.00217930  0.06706640  0
0.04006137  0.00078671  0.00018046  0.95897145  0.44166628  0.00210752  0.00210752  0.06708943  0
0.03907917  0.00078669  0.00018045  0.95995367  0.43054254  0.00210602  0.00210602  0.06711212  0
0.03810438  0.00076047  0.00017444  0.96096070  0.41950667  0.00203439  0.00203439  0.06713509  0
0.03712958  0.00073425  0.00016843  0.96196773  0.40848632  0.00196286  0.00196286  0.06715803  0
0.03614863  0.00070803  0.00016241  0.96298091  0.39741221  0.00189143  0.00189143  0.06718108  0
0.03517268  0.00070801  0.00016241  0.96395689  0.38642016  0.00189009  0.00189009  0.06720350  0
0.03419789  0.00068179  0.00015639  0.96496392  0.37544622  0.00181881  0.00181881  0.06722635  0
0.03321693  0.00065557  0.00015038  0.96597710  0.36441852  0.00174764  0.00174764  0.06724930  0
0.03224212  0.00062935  0.00014436  0.96698415  0.35347533  0.00167656  0.00167656  0.06727208  0
0.03126629  0.00062933  0.00014436  0.96796000  0.34254512  0.00167537  0.00167537  0.06729437  0
0.03028532  0.00060312  0.00013835  0.96897320  0.33156352  0.00160445  0.00160445  0.06731723  0
0.02931052  0.00057689  0.00013233  0.96998023  0.32066627  0.00153362  0.00153362  0.06733991  0
0.02833571  0.00055067  0.00012632  0.97098728  0.30978423  0.00146288  0.00146288  0.06736257  0
0.02735382  0.00055066  0.00012631  0.97196919  0.29884635  0.00146186  0.00146186  0.06738487  0
0.02637902  0.00052444  0.00012030  0.97297622  0.28799474  0.00139127  0.00139127  0.06740746  0
0.02540422  0.00049822  0.00011428  0.97398325  0.27715825  0.00132079  0.00132079  0.06743002  0
0.02442320  0.00047200  0.00010827  0.97499651  0.26626794  0.00125041  0.00125041  0.06745269  0
0.02344763  0.00047199  0.00010827  0.97597210  0.25545989  0.00124953  0.00124953  0.06747473  0
0.02247283  0.00044577  0.00010225  0.97697913  0.24466866  0.00117929  0.00117929  0.06749719  0
0.02149180  0.00041955  0.00009624  0.97799239  0.23382360  0.00110915  0.00110915  0.06751977  0
0.02051633  0.00041954  0.00009623  0.97896788  0.22306085  0.00110837  0.00110837  0.06754171  0
0.01954154  0.00039332  0.00009022  0.97997490  0.21231461  0.00103838  0.00103838  0.06756408  0
0.01856050  0.00036710  0.00008421  0.98098818  0.20151451  0.00096848  0.00096848  0.06758656  0
0.01758569  0.00034088  0.00007819  0.98199522  0.19079806  0.00089868  0.00089868  0.06760887  0
0.01661035  0.00034087  0.00007819  0.98297057  0.18009524  0.00089805  0.00089805  0.06763070  0
0.01562929  0.00031465  0.00007217  0.98398386  0.16933982  0.00082840  0.00082840  0.06765309  0
0.01465450  0.00028843  0.00006616  0.98499089  0.15866789  0.00075884  0.00075884  0.06767530  0
0.01367970  0.00026221  0.00006014  0.98599793  0.14801071  0.00068938  0.00068938  0.06769749  0
0.01269819  0.00026220  0.00006014  0.98697945  0.13729871  0.00068890  0.00068890  0.06771933  0
0.01172340  0.00023598  0.00005413  0.98798647  0.12667102  0.00061958  0.00061958  0.06774146  0
0.01074861  0.00020976  0.00004811  0.98899350  0.11605798  0.00055036  0.00055036  0.06776355  0
0.00976750  0.00018354  0.00004210  0.99000684  0.10539104  0.00048123  0.00048123  0.06778575  0
0.00879240  0.00018354  0.00004210  0.99098194  0.09480661  0.00048090  0.00048090  0.06780733  0
0.00781761  0.00015732  0.00003608  0.99198896  0.08423745  0.00041191  0.00041191  0.06782934  0
0.00683649  0.00013110  0.00003007  0.99300232  0.07361437  0.00034303  0.00034303  0.06785145  0
0.00586169  0.00010488  0.00002405  0.99400936  0.06307427  0.00027423  0.00027423  0.06787340  0
0.00488672  0.00010488  0.00002405  0.99498433  0.05254829  0.00027404  0.00027404  0.06789485  0
0.00390559  0.00007866  0.00001804  0.99599770  0.04196879  0.00020539  0.00020539  0.06791688  0
0.00293079  0.00005244  0.00001202  0.99700473  0.03147212  0.00013683  0.00013683  0.06793873  0
0.00195599  0.00002622  0.00000601  0.99801177  0.02098983  0.00006837  0.00006837  0.06796055  0
0.00097478  0.00002621  0.00000601  0.99899297  0.01045351  0.00006832  0.00006832  0.06798203  0
