# weight fractions/chain concentrations : HOH   TMA   OH   Chain   
# 0:stable, 1:macophase instability, 2:mesophase instability
0.97532069  0.01934316  0.00433614  0.00099999  32.7381321  0.15776926  0.15417849  0.00022442  0
0.97445541  0.01931572  0.00422886  0.00199999  32.6340289  0.15718394  0.15001886  0.00044781  0
0.97359012  0.01928828  0.00412158  0.00300000  32.5304015  0.15660129  0.14587824  0.00067019  0
0.97269192  0.01928771  0.00402047  0.00399988  32.4265420  0.15624080  0.14197630  0.00089153  0
0.97182665  0.01926027  0.00391319  0.00499988  32.3238604  0.15566296  0.13787291  0.00111187  0
0.97096137  0.01923283  0.00380591  0.00599988  32.2216449  0.15508775  0.13378815  0.00133122  0
0.97006327  0.01923226  0.00370481  0.00699965  32.1191992  0.15473318  0.12994045  0.00154954  0
0.96919780  0.01920495  0.00359755  0.00799968  32.0179015  0.15416370  0.12589299  0.00176691  0
0.96833252  0.01917751  0.00349027  0.00899968  31.9170687  0.15359576  0.12186292  0.00198330  0
0.96743451  0.01917694  0.00338919  0.00999935  31.8160074  0.15324697  0.11806833  0.00219866  0
0.96656925  0.01914950  0.00328191  0.01099933  31.7160825  0.15268366  0.11407400  0.00241310  0
0.96570398  0.01912206  0.00317463  0.01199931  31.6166052  0.15212287  0.11009756  0.00262658  0
0.96483870  0.01909463  0.00306734  0.01299931  31.5175724  0.15156458  0.10613889  0.00283910  0
0.96394057  0.01909418  0.00296629  0.01399893  31.4183008  0.15122447  0.10241426  0.00305063  0
0.96307531  0.01906675  0.00285901  0.01499891  31.3201511  0.15067067  0.09849035  0.00326127  0
0.96221003  0.01903931  0.00275173  0.01599891  31.2224371  0.15011934  0.09458386  0.00347096  0
0.96131224  0.01903874  0.00265067  0.01699833  31.1244989  0.14978374  0.09090920  0.00367965  0
0.96044698  0.01901130  0.00254339  0.01799830  31.0276510  0.14923681  0.08703681  0.00388750  0
0.95958171  0.01898387  0.00243611  0.01899829  30.9312302  0.14869229  0.08318148  0.00409442  0
0.95871644  0.01895643  0.00232883  0.01999828  30.8352336  0.14815017  0.07934312  0.00430044  0
0.95781848  0.01895599  0.00222780  0.02099770  30.7389985  0.14782284  0.07573507  0.00450548  0
0.95695322  0.01892855  0.00212052  0.02199768  30.6438448  0.14728500  0.07192988  0.00470969  0
0.95608795  0.01890112  0.00201324  0.02299767  30.5491070  0.14674952  0.06814133  0.00491301  0
0.95519037  0.01890055  0.00191221  0.02399685  30.4541494  0.14642647  0.06458110  0.00511533  0
0.95432512  0.01887312  0.00180493  0.02499682  30.3602386  0.14589520  0.06082511  0.00531688  0
0.95345985  0.01884568  0.00169765  0.02599680  30.2667355  0.14536623  0.05708542  0.00551755  0
0.95256205  0.01884524  0.00159663  0.02699605  30.1729944  0.14504923  0.05357293  0.00571726  0
0.95169680  0.01881781  0.00148936  0.02799602  30.0803017  0.14452439  0.04986514  0.00591620  0
0.95083154  0.01879037  0.00138208  0.02899599  29.9880089  0.14400181  0.04617334  0.00611427  0
0.94996628  0.01876293  0.00127480  0.02999597  29.8961134  0.14348148  0.04249744  0.00631150  0
0.94906891  0.01876238  0.00117379  0.03099491  29.8040025  0.14317038  0.03904646  0.00650774  0
0.94820366  0.01873494  0.00106651  0.03199487  29.7128971  0.14265408  0.03540167  0.00670327  0
0.94733840  0.01870750  0.00095923  0.03299485  29.6221813  0.14213998  0.03177246  0.00689796  0
0.94644077  0.01870707  0.00085824  0.03399390  29.5312282  0.14183466  0.02836693  0.00709173  0
0.94557552  0.01867963  0.00075096  0.03499386  29.4412869  0.14132450  0.02476821  0.00728476  0
0.94471027  0.01865220  0.00064368  0.03599383  29.3517278  0.14081651  0.02118478  0.00747698  0
0.94381309  0.01865164  0.00054270  0.03699256  29.2619572  0.14051509  0.01782344  0.00766822  0
0.94294785  0.01862421  0.00043542  0.03799251  29.1731584  0.14001097  0.01426995  0.00785881  0
0.94208260  0.01859677  0.00032814  0.03899247  29.0847345  0.13950898  0.01073146  0.00804859  0
0.94121696  0.01856946  0.00022087  0.03999270  28.9966563  0.13900997  0.00720792  0.00823762  0
0.94031989  0.01856890  0.00011989  0.04099129  28.9083955  0.13871492  0.00390456  0.00842564  0
0.93945465  0.01854147  0.00001262  0.04199125  28.8210849  0.13821882  0.00041014  0.00861304  0
0.93830196  0.01851403  0.00017669  0.04300730  28.7253402  0.13772479  0.00573000  0.00879965  0
0.93739832  0.01851348  0.00008203  0.04400615  28.6380024  0.13743431  0.00265474  0.00898530  0
0.93622560  0.01848605  0.00026503  0.04502330  28.5424293  0.13694399  0.00855899  0.00917035  0
0.93534699  0.01845861  0.00017037  0.04602401  28.4562017  0.13645571  0.00549076  0.00935463  0
0.93446793  0.01843130  0.00007572  0.04702503  28.3703018  0.13597028  0.00243528  0.00953821  0
0.93323689  0.01843075  0.00029026  0.04804208  28.2745084  0.13568588  0.00931574  0.00972077  0
0.93235159  0.01840331  0.00020192  0.04904315  28.1891687  0.13520324  0.00646712  0.00990277  0
0.93146629  0.01837588  0.00011358  0.05004423  28.1041812  0.13472259  0.00363024  0.01008402  0
0.93054951  0.01837533  0.00003155  0.05104360  28.0189938  0.13444254  0.00100630  0.01026432  0
0.92931665  0.01834789  0.00027133  0.05206411  27.9242628  0.13396544  0.00863645  0.01044408  0
0.92842419  0.01832058  0.00018930  0.05306591  27.8401094  0.13349109  0.00601311  0.01062316  0
0.92750083  0.01832004  0.00011357  0.05406554  27.7557917  0.13321531  0.00360041  0.01080124  0
0.92660886  0.01829260  0.00003155  0.05506697  27.6723602  0.13274365  0.00099807  0.01097879  0
0.92534258  0.01826517  0.00030288  0.05608936  27.5781132  0.13227390  0.00956196  0.01115563  0
0.92444391  0.01823773  0.00022716  0.05709118  27.4951836  0.13180607  0.00715689  0.01133174  0
0.92351401  0.01823719  0.00015774  0.05809105  27.4120605  0.13153598  0.00495987  0.01150691  0
0.92261535  0.01820975  0.00008202  0.05909285  27.3298049  0.13107155  0.00257391  0.01168160  0
0.92171617  0.01818244  0.00000631  0.06009507  27.2478457  0.13060976  0.00019759  0.01185565  0
0.92037865  0.01818190  0.00032179  0.06111764  27.1537018  0.13034376  0.01005678  0.01202869  0
0.91947331  0.01815446  0.00025239  0.06211982  27.0722675  0.12988453  0.00787179  0.01220127  0
0.91856797  0.01812703  0.00018298  0.06312200  26.9911605  0.12942716  0.00569558  0.01237315  0
0.91763159  0.01812649  0.00011988  0.06412203  26.9098644  0.12916515  0.00372403  0.01254411  0
0.91672626  0.01809905  0.00005047  0.06512419  26.8294086  0.12871105  0.00156487  0.01271461  0
0.91537924  0.01807174  0.00039751  0.06615149  26.7363509  0.12825952  0.01229885  0.01288451  0
0.91446721  0.01804431  0.00033441  0.06715406  26.6563664  0.12780903  0.01032603  0.01305366  0
0.91352428  0.01804377  0.00027762  0.06815432  26.5761962  0.12755236  0.00855534  0.01322189  0
0.91261226  0.01801633  0.00021452  0.06915687  26.4968487  0.12710507  0.00659782  0.01338969  0
0.91170023  0.01798890  0.00015143  0.07015942  26.4178156  0.12665956  0.00464805  0.01355683  0
0.91075741  0.01798836  0.00009464  0.07115958  26.3385987  0.12640671  0.00289923  0.01372305  0
0.90984540  0.01796093  0.00003154  0.07216211  26.2601914  0.12596435  0.00096450  0.01388887  0
0.90844488  0.01793362  0.00042904  0.07319244  26.1679975  0.12552445  0.01309150  0.01405411  0
0.90752617  0.01790618  0.00037226  0.07419538  26.0900412  0.12508555  0.01133647  0.01421863  0
0.90657679  0.01790565  0.00032177  0.07519577  26.0119044  0.12483781  0.00977992  0.01438223  0
0.90565809  0.01787821  0.00026499  0.07619869  25.9345605  0.12440198  0.00803828  0.01454546  0
0.90473939  0.01785078  0.00020821  0.07720161  25.8575189  0.12396786  0.00630345  0.01470805  0
0.90379011  0.01785025  0.00015773  0.07820190  25.7802986  0.12372377  0.00476593  0.01486972  0
0.90287077  0.01782293  0.00010094  0.07920533  25.7038149  0.12329337  0.00304428  0.01503113  0
0.90195207  0.01779550  0.00004416  0.08020825  25.6276716  0.12286394  0.00132928  0.01519183  0
0.90046157  0.01779497  0.00050472  0.08123872  25.5359998  0.12262344  0.01516209  0.01535162  0
0.89953620  0.01776754  0.00045425  0.08224199  25.4602882  0.12219697  0.01361947  0.01551107  0
0.89861082  0.01774010  0.00040378  0.08324528  25.3848691  0.12177215  0.01208281  0.01566990  0
0.89768543  0.01771267  0.00035331  0.08424857  25.3097408  0.12134897  0.01055208  0.01582812  0
0.89672972  0.01771214  0.00030914  0.08524898  25.2344388  0.12111327  0.00921514  0.01598544  0
0.89580365  0.01768483  0.00025867  0.08625283  25.1598432  0.12069366  0.00769586  0.01614254  0
0.89487827  0.01765739  0.00020820  0.08725612  25.0855791  0.12027499  0.00618235  0.01629894  0
0.89392265  0.01765687  0.00016403  0.08825643  25.0111431  0.12004271  0.00486154  0.01645445  0
0.89299729  0.01762944  0.00011356  0.08925970  24.9374479  0.11962689  0.00335925  0.01660966  0
0.89207191  0.01760200  0.00006308  0.09026298  24.8640336  0.11921265  0.00186269  0.01676427  0
0.89114653  0.01757457  0.00001261  0.09126627  24.7908985  0.11879998  0.00037183  0.01691830  0
0.88957549  0.01757416  0.00054886  0.09230146  24.7004743  0.11857296  0.01614373  0.01707153  0
0.88864344  0.01754673  0.00050470  0.09330511  24.6277420  0.11816308  0.01481668  0.01722439  0
0.88771137  0.01751930  0.00046054  0.09430877  24.5552848  0.11775474  0.01349465  0.01737668  0
0.88674932  0.01751877  0.00042268  0.09530921  24.4826607  0.11753035  0.01236190  0.01752807  0
0.88581727  0.01749134  0.00037852  0.09631285  24.4107512  0.11712475  0.01104950  0.01767920  0
0.88488522  0.01746391  0.00033436  0.09731650  24.3391122  0.11672068  0.00974204  0.01782977  0
0.88392327  0.01746339  0.00029650  0.09831683  24.2673079  0.11649951  0.00862279  0.01797945  0
0.88299045  0.01743607  0.00025234  0.09932112  24.1961570  0.11609877  0.00732484  0.01812898  0
0.88205840  0.01740864  0.00020818  0.10032476  24.1253220  0.11569889  0.00603169  0.01827786  0
0.88112634  0.01738121  0.00016402  0.10132841  24.0547515  0.11530051  0.00474337  0.01842618  0
0.88016451  0.01738069  0.00012616  0.10232861  23.9840180  0.11508366  0.00364188  0.01857362  0
0.87923247  0.01735326  0.00008201  0.10333225  23.9139739  0.11468790  0.00236282  0.01872084  0
0.87830042  0.01732583  0.00003785  0.10433589  23.8441898  0.11429362  0.00108851  0.01886751  0
0.87569751  0.01729799  0.00062453  0.10637995  23.6857668  0.11368878  0.01789378  0.01915900  0
0.87475878  0.01727056  0.00058668  0.10738396  23.6166107  0.11329853  0.01677828  0.01930404  0
0.87379050  0.01727005  0.00055512  0.10838432  23.5472960  0.11308781  0.01584670  0.01944822  0
0.87285178  0.01724262  0.00051727  0.10938831  23.4786502  0.11270010  0.01473908  0.01959220  0
0.87191306  0.01721518  0.00047943  0.11039231  23.4102564  0.11231382  0.01363554  0.01973565  0
0.87097433  0.01718775  0.00044158  0.11139632  23.3421132  0.11192896  0.01253604  0.01987858  0
0.87000530  0.01718736  0.00041003  0.11239729  23.2737595  0.11172291  0.01161918  0.02002074  0
0.86906658  0.01715992  0.00037218  0.11340129  23.2061150  0.11134053  0.01052739  0.02016262  0
0.86812786  0.01713249  0.00033433  0.11440530  23.1387171  0.11095954  0.00943957  0.02030399  0
0.86715980  0.01713198  0.00030278  0.11540541  23.0711644  0.11075581  0.00853335  0.02044449  0
0.86622109  0.01710455  0.00026493  0.11640940  23.0042574  0.11037727  0.00745312  0.02058483  0
0.86528237  0.01707712  0.00022709  0.11741340  22.9375929  0.11000011  0.00637681  0.02072465  0
0.86434274  0.01704980  0.00018924  0.11841820  22.8711140  0.10962490  0.00530443  0.02086409  0
0.86337481  0.01704929  0.00015769  0.11941818  22.8045378  0.10942507  0.00441230  0.02100255  0
0.86243609  0.01702186  0.00011985  0.12042218  22.7385945  0.10905167  0.00334730  0.02114087  0
0.86149737  0.01699443  0.00008200  0.12142618  22.6728885  0.10867961  0.00228614  0.02127869  0
0.86052955  0.01699392  0.00005046  0.12242605  22.6070316  0.10848257  0.00140430  0.02141565  0
0.85959084  0.01696649  0.00001261  0.12343003  22.5417981  0.10811287  0.00035044  0.02155248  0
0.85782359  0.01693906  0.00075694  0.12448039  22.4551093  0.10774450  0.02098918  0.02168882  0
0.85684826  0.01693867  0.00073169  0.12548136  22.3897671  0.10755077  0.02025306  0.02182442  0
0.85590287  0.01691124  0.00070016  0.12648571  22.3250964  0.10718472  0.01934553  0.02195979  0
0.85495747  0.01688381  0.00066862  0.12749008  22.2606560  0.10681997  0.01844123  0.02209468  0
0.85401207  0.01685638  0.00063708  0.12849445  22.1964446  0.10645651  0.01754014  0.02222909  0
0.85303782  0.01685588  0.00061184  0.12949445  22.1320868  0.10626591  0.01681532  0.02236264  0
0.85209243  0.01682845  0.00058030  0.13049880  22.0683314  0.10590473  0.01592031  0.02249610  0
0.85114604  0.01680113  0.00054877  0.13150404  22.0047426  0.10554537  0.01502855  0.02262920  0
0.85017189  0.01680063  0.00052352  0.13250394  21.9410676  0.10535740  0.01431205  0.02276133  0
0.84922651  0.01677320  0.00049198  0.13350829  21.8779862  0.10499973  0.01342619  0.02289338  0
0.84828112  0.01674577  0.00046045  0.13451265  21.8151266  0.10464332  0.01254345  0.02302496  0
0.84730707  0.01674527  0.00043521  0.13551243  21.7521238  0.10445794  0.01183513  0.02315570  0
0.84636170  0.01671784  0.00040367  0.13651677  21.6897059  0.10410373  0.01095828  0.02328636  0
0.84541632  0.01669041  0.00037213  0.13752112  21.6275063  0.10375077  0.01008450  0.02341656  0
0.84446989  0.01666309  0.00034060  0.13852640  21.5654636  0.10339956  0.00921382  0.02354643  0
0.84349597  0.01666259  0.00031536  0.13952606  21.5033398  0.10321766  0.00851630  0.02367533  0
0.84255059  0.01663516  0.00028383  0.14053040  21.4417898  0.10286808  0.00765134  0.02380418  0
0.84160520  0.01660773  0.00025229  0.14153476  21.3804535  0.10251971  0.00678938  0.02393258  0
0.84063139  0.01660724  0.00022705  0.14253430  21.3189776  0.10234031  0.00609975  0.02406013  0
0.83968602  0.01657981  0.00019552  0.14353863  21.2580671  0.10199406  0.00524347  0.02418764  0
0.83955682  0.01656915  0.00018940  0.14368461  21.2493922  0.10190256  0.00507820  0.02420609  0
0.83861048  0.01654169  0.00015784  0.14468997  21.1886609  0.10155741  0.00422451  0.02433322  0
0.83763579  0.01654119  0.00013258  0.14569042  21.1277918  0.10138047  0.00354241  0.02445951  0
0.83668947  0.01651374  0.00010101  0.14669576  21.0674803  0.10103741  0.00269433  0.02458577  0
0.83574314  0.01648628  0.00006944  0.14770112  21.0073762  0.10069554  0.00184916  0.02471159  0
0.83476855  0.01648579  0.00004419  0.14870145  20.9471358  0.10052101  0.00117470  0.02483657  0
0.83382224  0.01645833  0.00001262  0.14970679  20.8874450  0.10018119  0.00033505  0.02496153  0
0.83187166  0.01643099  0.00092807  0.15076927  20.8028095  0.09984305  0.02458446  0.02508619  0
0.83089052  0.01643050  0.00090910  0.15176987  20.7430642  0.09967088  0.02404121  0.02520988  0
0.82993751  0.01640304  0.00088385  0.15277558  20.6838608  0.09933426  0.02333355  0.02533357  0
0.82898450  0.01637558  0.00085860  0.15378129  20.6248589  0.09899879  0.02262829  0.02545683  0
0.82803148  0.01634813  0.00083335  0.15478702  20.5660575  0.09866445  0.02192543  0.02557967  0
0.82705048  0.01634764  0.00081439  0.15578748  20.5071241  0.09849548  0.02139043  0.02570168  0
0.82609631  0.01632029  0.00078914  0.15679423  20.4486582  0.09816362  0.02069216  0.02582382  0
0.82514330  0.01629283  0.00076389  0.15779996  20.3904536  0.09783240  0.01999614  0.02594541  0
0.82416239  0.01629235  0.00074493  0.15880031  20.3321184  0.09766570  0.01946715  0.02606618  0
0.82320939  0.01626489  0.00071968  0.15980602  20.2743073  0.09733643  0.01877555  0.02618696  0
0.82225639  0.01623744  0.00069443  0.16081173  20.2166907  0.09700828  0.01808629  0.02630733  0
0.82130337  0.01620998  0.00066918  0.16181745  20.1592676  0.09668123  0.01739933  0.02642729  0
0.82032260  0.01620950  0.00065022  0.16281766  20.1017159  0.09651760  0.01687829  0.02654643  0
0.81936839  0.01618215  0.00062498  0.16382446  20.0446130  0.09619294  0.01619575  0.02666573  0
0.81841538  0.01615469  0.00059973  0.16483018  19.9877659  0.09586889  0.01551540  0.02678449  0
0.81743471  0.01615421  0.00058077  0.16583029  19.9307916  0.09570745  0.01500014  0.02690243  0
0.81648171  0.01612675  0.00055552  0.16683599  19.8743243  0.09538529  0.01432407  0.02702040  0
0.81552871  0.01609930  0.00053028  0.16784169  19.8180447  0.09506421  0.01365024  0.02713798  0
0.81454815  0.01609882  0.00051132  0.16884169  19.7616394  0.09490492  0.01314068  0.02725474  0
0.81359392  0.01607147  0.00048608  0.16984852  19.7056677  0.09458616  0.01247112  0.02737168  0
0.81264092  0.01604401  0.00046083  0.17085422  19.6499470  0.09426800  0.01180371  0.02748809  0
0.81168791  0.01601656  0.00043558  0.17185993  19.5944104  0.09395088  0.01113850  0.02760412  0
0.81070747  0.01601608  0.00041663  0.17285980  19.5387499  0.09379450  0.01063649  0.02771933  0
0.80975448  0.01598863  0.00039138  0.17386550  19.4835801  0.09347922  0.00997540  0.02783460  0
0.80880149  0.01596117  0.00036613  0.17487120  19.4285915  0.09316497  0.00931649  0.02794949  0
0.80782115  0.01596069  0.00034718  0.17587095  19.3734805  0.09301066  0.00881997  0.02806356  0
0.80686688  0.01593335  0.00032193  0.17687782  19.3187859  0.09269866  0.00816516  0.02817783  0
0.80591389  0.01590589  0.00029669  0.17788352  19.2643373  0.09238723  0.00751245  0.02829159  0
0.80493365  0.01590542  0.00027774  0.17888317  19.2097675  0.09223496  0.00702134  0.02840454  0
0.80398068  0.01587796  0.00025249  0.17988885  19.1556748  0.09192531  0.00637263  0.02851755  0
0.80302769  0.01585051  0.00022724  0.18089454  19.1017582  0.09161667  0.00572604  0.02863021  0
0.80207470  0.01582305  0.00020199  0.18190023  19.0480168  0.09130903  0.00508154  0.02874249  0
0.80109327  0.01582268  0.00018305  0.18290097  18.9940878  0.09115995  0.00459763  0.02885410  0
0.80014029  0.01579523  0.00015780  0.18390666  18.9406954  0.09085405  0.00395705  0.02896566  0
0.79918730  0.01576777  0.00013255  0.18491235  18.8874756  0.09054913  0.00331855  0.02907686  0
0.79820730  0.01576730  0.00011361  0.18591176  18.8341379  0.09040159  0.00283984  0.02918724  0
0.79725433  0.01573985  0.00008837  0.18691743  18.7812622  0.09009839  0.00220520  0.02929772  0
0.79630135  0.01571240  0.00006312  0.18792312  18.7285566  0.08979617  0.00157261  0.02940785  0
0.79534836  0.01568494  0.00003787  0.18892881  18.6760203  0.08949492  0.00094205  0.02951762  0
0.79436712  0.01568458  0.00001893  0.18992935  18.6232987  0.08935045  0.00047026  0.02962672  0
0.79214376  0.01565712  0.00119299  0.19100612  18.5413639  0.08905088  0.02957929  0.02973579  2
0.79118408  0.01562967  0.00117405  0.19201218  18.4892232  0.08875227  0.02906324  0.02984451  2
0.79019767  0.01562920  0.00116139  0.19301172  18.4369684  0.08860927  0.02870441  0.02995242  2
0.78923801  0.01560175  0.00114246  0.19401776  18.3851610  0.08831232  0.02819141  0.03006045  2
0.78827834  0.01557429  0.00112353  0.19502381  18.3335184  0.08801631  0.02768004  0.03016813  2
0.78729061  0.01557393  0.00111088  0.19602455  18.2816929  0.08787558  0.02732527  0.03027515  2
0.78633096  0.01554648  0.00109195  0.19703059  18.2303787  0.08758121  0.02681690  0.03038215  2
0.78537129  0.01551903  0.00107302  0.19803664  18.1792270  0.08728777  0.02631014  0.03048881  2
0.78441162  0.01549157  0.00105409  0.19904270  18.1282371  0.08699526  0.02580498  0.03059513  2
0.78342544  0.01549111  0.00104143  0.20004199  18.0771362  0.08685664  0.02545532  0.03070066  2
0.78246579  0.01546366  0.00102250  0.20104803  18.0264686  0.08656574  0.02495311  0.03080631  2
0.78150613  0.01543620  0.00100357  0.20205408  17.9759604  0.08627575  0.02445248  0.03091163  2
0.78051859  0.01543585  0.00099092  0.20305462  17.9252715  0.08613932  0.02410672  0.03101629  2
0.77955894  0.01540839  0.00097199  0.20406066  17.8750811  0.08585091  0.02360900  0.03112095  2
0.77859928  0.01538094  0.00095306  0.20506670  17.8250478  0.08556341  0.02311283  0.03122528  2
0.77763961  0.01535348  0.00093413  0.20607275  17.7751710  0.08527680  0.02261822  0.03132929  2
0.77665367  0.01535303  0.00092148  0.20707181  17.7251861  0.08514241  0.02227740  0.03143250  2
0.77569402  0.01532557  0.00090255  0.20807784  17.6756212  0.08485736  0.02178564  0.03153586  2
0.77473286  0.01529822  0.00088362  0.20908528  17.6261387  0.08457358  0.02129550  0.03163903  2
0.77374701  0.01529777  0.00087097  0.21008423  17.5766212  0.08444092  0.02095835  0.03174128  2
0.77278737  0.01527031  0.00085204  0.21109026  17.5275179  0.08415828  0.02047093  0.03184367  2
0.77182771  0.01524286  0.00083311  0.21209630  17.4785667  0.08387652  0.01998502  0.03194575  2
0.77084198  0.01524240  0.00082046  0.21309513  17.4295101  0.08374557  0.01965148  0.03204704  2
0.76988234  0.01521495  0.00080153  0.21410115  17.3808621  0.08346532  0.01916834  0.03214848  2
0.76892270  0.01518750  0.00078260  0.21510718  17.3323642  0.08318594  0.01868669  0.03224962  2
0.76796149  0.01516015  0.00076368  0.21611466  17.2839431  0.08290779  0.01820661  0.03235059  2
0.76697588  0.01515969  0.00075103  0.21711337  17.2354905  0.08277915  0.01787789  0.03245062  2
0.76601624  0.01513224  0.00073210  0.21811939  17.1874394  0.08250210  0.01740044  0.03255083  0
0.76505659  0.01510479  0.00071317  0.21912543  17.1395356  0.08222591  0.01692446  0.03265072  0
0.76407109  0.01510434  0.00070053  0.22012402  17.0915292  0.08209891  0.01659923  0.03274984  0
0.76311146  0.01507689  0.00068160  0.22113004  17.0439189  0.08182418  0.01612593  0.03284912  0
0.76215023  0.01504953  0.00066267  0.22213755  16.9963808  0.08155066  0.01565414  0.03294825  0
0.76116483  0.01504909  0.00065003  0.22313604  16.9488142  0.08142528  0.01533236  0.03304645  0
0.76020520  0.01502163  0.00063110  0.22414205  16.9016387  0.08115283  0.01486315  0.03314483  0
0.75924557  0.01499418  0.00061217  0.22514807  16.8546064  0.08088121  0.01439537  0.03324292  0
0.75828592  0.01496673  0.00059324  0.22615409  16.8077167  0.08061041  0.01392900  0.03334070  0
0.75730065  0.01496628  0.00058060  0.22715245  16.7607271  0.08048723  0.01361181  0.03343771  0
0.75634103  0.01493883  0.00056167  0.22815846  16.7141217  0.08021785  0.01314804  0.03353490  0
0.75537976  0.01491148  0.00054274  0.22916601  16.6675832  0.07994964  0.01268573  0.03363195  0
0.75439459  0.01491103  0.00053010  0.23016425  16.6210197  0.07982802  0.01237187  0.03372807  0
0.75343497  0.01488358  0.00051117  0.23117026  16.5748353  0.07956085  0.01191206  0.03382439  0
0.75247534  0.01485613  0.00049224  0.23217627  16.5287897  0.07929449  0.01145364  0.03392042  0
0.75151570  0.01482868  0.00047331  0.23318230  16.4828822  0.07902892  0.01099660  0.03401616  0
0.75053066  0.01482823  0.00046067  0.23418041  16.4368776  0.07890942  0.01068717  0.03411112  0
0.74957104  0.01480078  0.00044174  0.23518641  16.3912456  0.07864523  0.01023265  0.03420629  0
0.74860973  0.01477343  0.00042282  0.23619400  16.3456754  0.07838217  0.00977952  0.03430132  0
0.74762480  0.01477299  0.00041018  0.23719201  16.3000836  0.07826418  0.00947331  0.03439543  0
0.74666518  0.01474554  0.00039125  0.23819801  16.2548595  0.07800213  0.00902263  0.03448975  0
0.74570555  0.01471809  0.00037232  0.23920402  16.2097698  0.07774086  0.00857329  0.03458378  0
0.74472073  0.01471765  0.00035969  0.24020191  16.1645853  0.07762436  0.00827025  0.03467705  0
0.74376112  0.01469020  0.00034076  0.24120790  16.1197638  0.07736443  0.00782336  0.03477053  0
0.74279978  0.01466284  0.00032183  0.24221552  16.0750000  0.07710560  0.00737783  0.03486388  0
0.74184015  0.01463539  0.00030290  0.24322154  16.0304431  0.07684720  0.00693358  0.03495681  0
0.74085546  0.01463495  0.00029027  0.24421930  15.9857929  0.07673272  0.00663478  0.03504897  0
0.73989584  0.01460750  0.00027134  0.24522529  15.9414994  0.07647564  0.00619294  0.03514135  0
0.73893622  0.01458005  0.00025241  0.24623130  15.8973363  0.07621931  0.00575240  0.03523345  0
0.73795163  0.01457962  0.00023978  0.24722895  15.8530809  0.07610627  0.00545667  0.03532479  0
0.73699203  0.01455217  0.00022085  0.24823493  15.8091776  0.07585124  0.00501851  0.03541636  0
0.73603065  0.01452481  0.00020193  0.24924259  15.7653275  0.07559728  0.00458165  0.03550781  0
0.73504616  0.01452438  0.00018930  0.25024014  15.7214616  0.07548566  0.00428895  0.03559835  0
0.73408656  0.01449693  0.00017037  0.25124612  15.6779434  0.07523265  0.00385442  0.03568911  0
0.73312695  0.01446948  0.00015144  0.25225211  15.6345521  0.07498039  0.00342115  0.03577961  0
0.73216733  0.01444203  0.00013251  0.25325811  15.5912871  0.07472886  0.00298915  0.03586985  0
0.73118298  0.01444160  0.00011989  0.25425552  15.5479325  0.07461916  0.00270050  0.03595932  0
0.73022157  0.01441424  0.00010096  0.25526321  15.5048437  0.07436920  0.00227081  0.03604919  0
0.72926196  0.01438679  0.00008203  0.25626920  15.4619554  0.07411965  0.00184236  0.03613864  0
0.72827771  0.01438636  0.00006940  0.25726651  15.4189786  0.07401132  0.00155664  0.03622734  0
0.72731811  0.01435891  0.00005047  0.25827248  15.3763390  0.07376301  0.00113046  0.03631627  0
0.72635850  0.01433146  0.00003154  0.25927847  15.3338226  0.07351542  0.00070552  0.03640495  0
0.72539889  0.01430401  0.00001262  0.26028446  15.2914287  0.07326855  0.00028180  0.03649337  0
0.72170883  0.01427623  0.00162795  0.26238698  15.1700528  0.07291673  0.03624762  0.03666910  2
0.72074253  0.01424878  0.00161533  0.26339334  15.1279366  0.07267178  0.03591501  0.03675677  2
0.71975188  0.01424836  0.00160897  0.26439077  15.0857352  0.07256663  0.03572295  0.03684367  2
0.71878559  0.01422091  0.00159636  0.26539712  15.0438608  0.07232289  0.03539205  0.03693083  2
0.71781930  0.01419346  0.00158375  0.26640347  15.0021062  0.07207984  0.03506209  0.03701774  2
0.71682876  0.01419303  0.00157739  0.26740079  14.9602672  0.07197599  0.03487209  0.03710390  2
0.71586059  0.01416568  0.00156479  0.26840892  14.9186743  0.07173444  0.03454396  0.03719047  2
0.71489430  0.01413823  0.00155218  0.26941528  14.8772764  0.07149326  0.03421662  0.03727664  2
0.71392800  0.01411078  0.00153956  0.27042164  14.8359962  0.07125278  0.03389021  0.03736257  2
0.71293759  0.01411036  0.00153321  0.27141883  14.7946330  0.07115071  0.03370297  0.03744774  2
0.71197131  0.01408291  0.00152059  0.27242517  14.7535875  0.07091139  0.03337821  0.03753318  2
0.71100502  0.01405546  0.00150798  0.27343152  14.7126581  0.07067276  0.03305438  0.03761837  2
0.71001472  0.01405504  0.00150163  0.27442859  14.6716467  0.07057195  0.03286912  0.03770282  2
0.70904651  0.01402768  0.00148902  0.27543677  14.6308716  0.07033476  0.03254706  0.03778769  2
0.70808022  0.01400023  0.00147641  0.27644311  14.5902884  0.07009794  0.03222577  0.03787217  2
0.70711393  0.01397278  0.00146380  0.27744947  14.5498195  0.06986179  0.03190538  0.03795640  2
0.70612375  0.01397237  0.00145744  0.27844641  14.5092700  0.06976270  0.03172280  0.03803990  2
0.70515748  0.01394492  0.00144483  0.27945275  14.4690288  0.06952769  0.03140402  0.03812366  2
0.70419120  0.01391747  0.00143222  0.28045910  14.4289004  0.06929334  0.03108614  0.03820719  2
0.70319914  0.01391715  0.00142588  0.28145781  14.3886147  0.06919575  0.03090561  0.03829014  2
0.70223287  0.01388970  0.00141326  0.28246414  14.3487111  0.06896252  0.03058931  0.03837320  2
0.70126659  0.01386225  0.00140065  0.28347049  14.3089189  0.06872994  0.03027390  0.03845603  2
0.70027663  0.01386184  0.00139430  0.28446722  14.2690481  0.06863327  0.03009514  0.03853812  2
0.69931037  0.01383439  0.00138169  0.28547354  14.2294779  0.06840179  0.02978130  0.03862049  2
0.69834410  0.01380694  0.00136907  0.28647987  14.1900178  0.06817096  0.02946832  0.03870264  2
0.69737782  0.01377949  0.00135646  0.28748621  14.1506671  0.06794077  0.02915622  0.03878455  2
0.69638596  0.01377917  0.00135012  0.28848473  14.1111609  0.06784602  0.02898013  0.03886588  2
0.69541969  0.01375172  0.00133751  0.28949106  14.0720286  0.06761692  0.02866957  0.03894734  2
0.69445342  0.01372427  0.00132490  0.29049739  14.0330044  0.06738845  0.02835987  0.03902858  2
0.69346369  0.01372386  0.00131855  0.29149388  13.9939038  0.06729459  0.02818551  0.03910908  2
0.69249743  0.01369642  0.00130594  0.29250020  13.9550953  0.06706720  0.02787733  0.03918987  2
0.69153116  0.01366897  0.00129332  0.29350653  13.9163936  0.06684043  0.02756999  0.03927043  2
0.69053947  0.01366865  0.00128698  0.29450487  13.8775381  0.06674798  0.02739756  0.03935042  2
0.68957322  0.01364120  0.00127437  0.29551119  13.8390493  0.06652228  0.02709173  0.03943054  2
0.68860696  0.01361376  0.00126176  0.29651751  13.8006660  0.06629719  0.02678674  0.03951045  2
0.68764069  0.01358631  0.00124915  0.29752384  13.7623878  0.06607272  0.02648259  0.03959013  2
0.68665119  0.01358590  0.00124280  0.29852008  13.7240355  0.06598158  0.02631249  0.03966908  0
0.68568494  0.01355845  0.00123019  0.29952640  13.6859668  0.06575815  0.02600981  0.03974833  0
0.68471868  0.01353101  0.00121758  0.30053272  13.6480018  0.06553534  0.02570797  0.03982737  0
0.68372718  0.01353069  0.00121124  0.30153087  13.6098850  0.06544556  0.02553973  0.03990583  0
0.68276093  0.01350325  0.00119863  0.30253718  13.5721270  0.06522378  0.02523934  0.03998444  0
0.68179467  0.01347580  0.00118601  0.30354349  13.5344715  0.06500260  0.02493977  0.04006283  0
0.68082841  0.01344835  0.00117340  0.30454982  13.4969180  0.06478202  0.02464101  0.04014101  0
0.67983915  0.01344795  0.00116706  0.30554582  13.4592926  0.06469350  0.02447504  0.04021845  0
0.67887290  0.01342050  0.00115445  0.30655213  13.4219428  0.06447394  0.02417772  0.04029621  0
0.67790450  0.01339314  0.00114184  0.30756050  13.3846148  0.06425522  0.02388130  0.04037392  0
0.67691534  0.01339274  0.00113550  0.30855640  13.3472947  0.06416778  0.02371704  0.04045073  0
0.67594909  0.01336530  0.00112289  0.30956270  13.3102469  0.06394981  0.02342195  0.04052786  0
0.67498284  0.01333785  0.00111027  0.31056902  13.2732986  0.06373243  0.02312764  0.04060479  0
0.67399379  0.01333745  0.00110393  0.31156480  13.2362802  0.06364605  0.02296507  0.04068098  0
0.67302756  0.01331000  0.00109132  0.31257110  13.1995307  0.06342966  0.02267217  0.04075749  0
0.67206132  0.01328256  0.00107871  0.31357740  13.1628795  0.06321386  0.02238006  0.04083379  0
0.67109287  0.01325520  0.00106610  0.31458581  13.1262472  0.06299887  0.02208881  0.04091005  0
0.67010395  0.01325480  0.00105976  0.31558147  13.0896251  0.06291394  0.02192851  0.04098543  0
0.66913771  0.01322736  0.00104715  0.31658777  13.0532675  0.06269969  0.02163856  0.04106112  0
0.66817146  0.01319991  0.00103454  0.31759407  13.0170067  0.06248600  0.02134938  0.04113662  0
0.66718265  0.01319952  0.00102820  0.31858962  12.9806779  0.06240210  0.02119071  0.04121139  0
0.66621642  0.01317207  0.00101559  0.31959591  12.9446103  0.06218938  0.02090290  0.04128648  0
0.66524794  0.01314471  0.00100298  0.32060435  12.9085590  0.06197747  0.02061593  0.04136153  0
0.66425923  0.01314432  0.00099664  0.32159979  12.8725199  0.06189458  0.02045887  0.04143570  0
0.66329300  0.01311687  0.00098403  0.32260607  12.8367389  0.06168338  0.02017318  0.04151020  0
0.66232677  0.01308943  0.00097142  0.32361237  12.8010525  0.06147274  0.01988823  0.04158450  0
0.66136052  0.01306198  0.00095881  0.32461867  12.7654602  0.06126265  0.01960404  0.04165860  0
0.66037195  0.01306159  0.00095247  0.32561397  12.7298019  0.06118115  0.01944916  0.04173198  0
0.65940572  0.01303414  0.00093986  0.32662025  12.6943975  0.06097200  0.01916630  0.04180570  0
0.65843721  0.01300678  0.00092725  0.32762873  12.6590065  0.06076364  0.01888426  0.04187938  0
0.65810367  0.01301949  0.00092816  0.32794866  12.6473619  0.06079782  0.01889488  0.04190294  0
0.65713648  0.01299201  0.00091554  0.32895596  12.6121387  0.06058961  0.01861333  0.04197627  0
0.65616928  0.01296454  0.00090291  0.32996325  12.5770080  0.06038194  0.01833252  0.04204942  0
0.65520207  0.01293706  0.00089029  0.33097056  12.5419693  0.06017482  0.01805244  0.04212237  0
0.65421271  0.01293668  0.00088395  0.33196664  12.5068663  0.06009535  0.01790074  0.04219461  0
0.65324320  0.01290929  0.00087133  0.33297616  12.4719313  0.05988937  0.01762203  0.04226734  0
0.65227600  0.01288182  0.00085870  0.33398346  12.4371672  0.05968371  0.01734398  0.04233972  0
0.65128675  0.01288143  0.00085236  0.33497944  12.4023396  0.05960520  0.01719380  0.04241139  0
0.65031956  0.01285396  0.00083974  0.33598672  12.3677569  0.05940044  0.01691704  0.04248339  0
0.64935236  0.01282649  0.00082711  0.33699402  12.3332641  0.05919621  0.01664099  0.04255521  0
0.64836322  0.01282610  0.00082078  0.33798988  12.2987087  0.05911864  0.01649232  0.04262632  0
0.64739604  0.01279863  0.00080815  0.33899716  12.2643953  0.05891531  0.01621754  0.04269776  0
0.64642649  0.01277124  0.00079553  0.34000671  12.2300905  0.05871273  0.01594354  0.04276919  0
0.64545929  0.01274377  0.00078291  0.34101401  12.1959544  0.05851045  0.01567018  0.04284026  0
0.64447027  0.01274339  0.00077657  0.34200974  12.1617567  0.05843418  0.01552355  0.04291063  0
0.64350309  0.01271592  0.00076395  0.34301702  12.1277972  0.05823278  0.01525144  0.04298134  0
0.64253590  0.01268844  0.00075132  0.34402431  12.0939251  0.05803190  0.01498003  0.04305187  0
0.64154699  0.01268807  0.00074499  0.34501993  12.0599923  0.05795655  0.01483486  0.04312168  0
0.64057742  0.01266068  0.00073237  0.34602952  12.0262145  0.05775676  0.01456475  0.04319201  0
0.63961023  0.01263320  0.00071974  0.34703680  11.9926034  0.05755727  0.01429527  0.04326200  0
0.63864303  0.01260573  0.00070712  0.34804410  11.9590784  0.05735829  0.01402648  0.04333180  0
0.63765425  0.01260536  0.00070079  0.34903959  11.9254937  0.05728419  0.01388328  0.04340090  0
0.63668707  0.01257788  0.00068816  0.35004686  11.8921406  0.05708607  0.01361571  0.04347035  0
0.63571989  0.01255041  0.00067554  0.35105415  11.8588726  0.05688845  0.01334882  0.04353962  0
0.63473122  0.01255004  0.00066920  0.35204952  11.8255458  0.05681524  0.01320705  0.04360819  0
0.63376160  0.01252265  0.00065658  0.35305915  11.7923673  0.05661869  0.01294141  0.04367727  0
0.63279441  0.01249518  0.00064396  0.35406643  11.7593533  0.05642242  0.01267640  0.04374602  0
0.63180585  0.01249480  0.00063763  0.35506170  11.7262813  0.05635009  0.01253603  0.04381406  0
0.63083868  0.01246733  0.00062500  0.35606897  11.6934353  0.05615467  0.01227221  0.04388245  0
0.62987151  0.01243986  0.00061238  0.35707624  11.6606725  0.05595973  0.01200905  0.04395068  0
0.62890433  0.01241239  0.00059976  0.35808351  11.6279926  0.05576530  0.01174657  0.04401873  0
0.62791340  0.01241210  0.00059343  0.35908105  11.5951751  0.05569438  0.01160814  0.04408624  0
0.62694623  0.01238463  0.00058080  0.36008832  11.5626606  0.05550077  0.01134682  0.04415394  0
0.62597905  0.01235715  0.00056818  0.36109559  11.5302280  0.05530764  0.01108616  0.04422148  0
0.62499072  0.01235679  0.00056185  0.36209062  11.4977392  0.05523737  0.01094905  0.04428831  0
0.62402356  0.01232931  0.00054923  0.36309788  11.4654702  0.05504506  0.01068955  0.04435551  0
0.62305639  0.01230184  0.00053660  0.36410514  11.4332822  0.05485324  0.01043070  0.04442254  0
0.62206817  0.01230148  0.00053027  0.36510006  11.4010386  0.05478381  0.01029494  0.04448886  0
0.62109848  0.01227409  0.00051765  0.36610976  11.3689316  0.05459300  0.01003727  0.04455572  0
0.62013131  0.01224662  0.00050503  0.36711702  11.3369854  0.05440246  0.00978021  0.04462224  0
0.61916414  0.01221914  0.00049241  0.36812429  11.3051190  0.05421241  0.00952380  0.04468860  0
0.61817604  0.01221878  0.00048608  0.36911908  11.2731981  0.05414413  0.00938986  0.04475426  0
0.61720889  0.01219131  0.00047345  0.37012633  11.2414910  0.05395486  0.00913457  0.04482029  0
0.61624172  0.01216384  0.00046083  0.37113359  11.2098628  0.05376608  0.00887991  0.04488616  0
0.61525116  0.01216355  0.00045451  0.37213075  11.1781000  0.05369881  0.00874731  0.04495149  0
0.61428401  0.01213608  0.00044188  0.37313800  11.1466293  0.05351080  0.00849377  0.04501703  0
0.61331685  0.01210861  0.00042926  0.37414526  11.1152366  0.05332327  0.00824086  0.04508240  0
0.61234968  0.01208114  0.00041664  0.37515252  11.0839216  0.05313620  0.00798858  0.04514761  0
0.61136182  0.01208078  0.00041031  0.37614707  11.0525539  0.05306986  0.00785772  0.04521213  0
0.61039467  0.01205331  0.00039769  0.37715431  11.0213941  0.05288356  0.00760654  0.04527702  0
0.60942751  0.01202584  0.00038506  0.37816157  10.9903112  0.05269773  0.00735597  0.04534175  0
0.60843714  0.01202556  0.00037874  0.37915854  10.9590953  0.05263237  0.00722641  0.04540595  0
0.60746999  0.01199809  0.00036612  0.38016578  10.9281659  0.05244730  0.00697693  0.04547037  0
0.60650283  0.01197062  0.00035350  0.38117303  10.8973124  0.05226269  0.00672807  0.04553462  0
0.60551518  0.01197026  0.00034717  0.38216736  10.8664076  0.05219792  0.00659973  0.04559818  0
0.60454804  0.01194279  0.00033455  0.38317459  10.8357059  0.05201407  0.00635194  0.04566212  0
0.60358090  0.01191532  0.00032193  0.38418183  10.8050794  0.05183067  0.00610476  0.04572590  0
0.60261109  0.01188793  0.00030931  0.38519166  10.7744469  0.05164790  0.00585821  0.04578969  0
0.60162356  0.01188758  0.00030298  0.38618586  10.7438449  0.05158421  0.00573157  0.04585263  0
0.60065642  0.01186011  0.00029036  0.38719310  10.7134429  0.05140200  0.00548606  0.04591594  0
0.59968927  0.01183263  0.00027774  0.38820034  10.6831149  0.05122025  0.00524114  0.04597910  0
0.59870185  0.01183228  0.00027142  0.38919443  10.6527372  0.05115731  0.00511573  0.04604158  0
0.59773472  0.01180481  0.00025879  0.39020166  10.6225571  0.05097629  0.00487186  0.04610443  0
0.59676758  0.01177734  0.00024617  0.39120889  10.5924504  0.05079571  0.00462858  0.04616713  0
0.59579772  0.01174995  0.00023355  0.39221876  10.5623356  0.05061576  0.00438590  0.04622985  0
0.59481044  0.01174960  0.00022723  0.39321271  10.5322530  0.05055386  0.00426215  0.04629171  0
0.59384330  0.01172213  0.00021461  0.39421995  10.5023650  0.05037445  0.00402049  0.04635396  0
0.59287615  0.01169466  0.00020198  0.39522719  10.4725492  0.05019548  0.00377942  0.04641605  0
0.59188897  0.01169431  0.00019566  0.39622103  10.4426853  0.05013432  0.00365685  0.04647746  0
0.59092185  0.01166684  0.00018304  0.39722825  10.4130136  0.04995607  0.00341680  0.04653926  0
0.58995197  0.01163945  0.00017042  0.39823815  10.3833324  0.04977842  0.00317734  0.04660107  0
0.58896489  0.01163910  0.00016410  0.39923189  10.3536848  0.04971799  0.00305595  0.04666204  0
0.58799776  0.01161163  0.00015148  0.40023910  10.3242272  0.04954088  0.00281749  0.04672339  0
0.58703063  0.01158416  0.00013886  0.40124633  10.2948403  0.04936420  0.00257960  0.04678460  0
0.58606349  0.01155669  0.00012623  0.40225357  10.2655238  0.04918794  0.00234228  0.04684566  0
0.58507655  0.01155635  0.00011992  0.40324717  10.2361607  0.04912851  0.00222248  0.04690603  0
0.58410942  0.01152888  0.00010729  0.40425439  10.2069848  0.04895296  0.00198615  0.04696680  0
0.58313950  0.01150149  0.00009467  0.40526432  10.1777974  0.04877799  0.00175040  0.04702759  0
0.58215266  0.01150114  0.00008836  0.40625782  10.1486452  0.04871927  0.00163174  0.04708753  0
0.58118554  0.01147368  0.00007573  0.40726503  10.1196780  0.04854483  0.00139697  0.04714786  0
0.58021841  0.01144621  0.00006311  0.40827225  10.0907796  0.04837081  0.00116276  0.04720805  0
0.57923168  0.01144586  0.00005680  0.40926564  10.0618361  0.04831279  0.00104522  0.04726756  0
0.57826457  0.01141840  0.00004418  0.41027284  10.0330753  0.04813945  0.00081199  0.04732746  0
0.57729462  0.01139100  0.00003155  0.41128280  10.0043016  0.04796670  0.00057930  0.04738739  0
0.57632749  0.01136353  0.00001893  0.41229003  9.97567706  0.04779418  0.00034717  0.04744701  0
0.57534088  0.01136320  0.00001262  0.41328329  9.94700802  0.04773713  0.00023117  0.04750595  0
0.57064550  0.01130826  0.00259400  0.41545222  9.84247271  0.04739386  0.04739386  0.04762449  0
0.56965240  0.01130792  0.00259392  0.41644574  9.81394862  0.04733749  0.04733749  0.04768301  0
0.56867860  0.01128045  0.00258762  0.41745331  9.78560208  0.04716673  0.04716673  0.04774193  0
0.56770189  0.01125306  0.00258134  0.41846369  9.75724090  0.04699654  0.04699654  0.04780088  0
0.56672807  0.01122559  0.00257504  0.41947128  9.72902741  0.04682658  0.04682658  0.04785952  0
0.56573510  0.01122526  0.00257496  0.42046467  9.70077167  0.04677114  0.04677114  0.04791749  0
0.56476129  0.01119779  0.00256866  0.42147224  9.67269076  0.04660185  0.04660185  0.04797586  0
0.56378747  0.01117032  0.00256236  0.42247983  9.64467555  0.04643296  0.04643296  0.04803410  0
0.56279461  0.01116999  0.00256228  0.42347310  9.61661871  0.04637818  0.04637818  0.04809166  0
0.56181788  0.01114259  0.00255600  0.42448351  9.58865338  0.04621010  0.04621010  0.04814978  0
0.56084407  0.01111512  0.00254970  0.42549109  9.56083437  0.04604225  0.04604225  0.04820761  0
0.55985131  0.01111479  0.00254962  0.42648425  9.53297434  0.04598812  0.04598812  0.04826476  0
0.55887751  0.01108733  0.00254332  0.42749182  9.50528512  0.04582093  0.04582093  0.04832232  0
0.55790371  0.01105986  0.00253702  0.42849939  9.47766025  0.04565412  0.04565412  0.04837974  0
0.55692990  0.01103239  0.00253072  0.42950697  9.45009950  0.04548770  0.04548770  0.04843703  0
0.55593728  0.01103206  0.00253064  0.43050000  9.42249854  0.04543447  0.04543447  0.04849365  0
0.55496051  0.01100467  0.00252436  0.43151045  9.39498449  0.04526885  0.04526885  0.04855084  0
0.55398670  0.01097720  0.00251806  0.43251803  9.36761518  0.04510345  0.04510345  0.04860773  0
0.55299418  0.01097687  0.00251798  0.43351095  9.34020627  0.04505086  0.04505086  0.04866396  0
0.55202039  0.01094940  0.00251168  0.43451851  9.31296363  0.04488610  0.04488610  0.04872059  0
0.55104659  0.01092194  0.00250538  0.43552608  9.28578378  0.04472172  0.04472172  0.04877709  0
0.55005417  0.01092161  0.00250531  0.43651889  9.25856493  0.04466974  0.04466974  0.04883292  0
0.54907738  0.01089422  0.00249902  0.43752936  9.23142914  0.04450614  0.04450614  0.04888932  0
0.54810358  0.01086675  0.00249272  0.43853693  9.20443679  0.04434277  0.04434277  0.04894543  0
0.54712978  0.01083928  0.00248642  0.43954450  9.17750637  0.04417977  0.04417977  0.04900142  0
0.54613750  0.01083896  0.00248635  0.44053718  9.15053773  0.04412866  0.04412866  0.04905673  0
0.54516371  0.01081149  0.00248005  0.44154473  9.12373094  0.04396628  0.04396628  0.04911246  0
0.54418991  0.01078402  0.00247375  0.44255230  9.09698545  0.04380427  0.04380427  0.04916806  0
0.54319774  0.01078370  0.00247367  0.44354486  9.07020232  0.04375377  0.04375377  0.04922299  0
0.54222090  0.01075631  0.00246739  0.44455538  9.04349791  0.04359252  0.04359252  0.04927850  0
0.54124711  0.01072884  0.00246109  0.44556294  9.01693545  0.04343149  0.04343149  0.04933372  0
0.54027331  0.01070137  0.00245479  0.44657051  8.99043344  0.04327083  0.04327083  0.04938881  0
0.53928127  0.01070105  0.00245471  0.44756294  8.96389456  0.04322117  0.04322117  0.04944325  0
0.53830748  0.01067359  0.00244841  0.44857049  8.93751324  0.04306112  0.04306112  0.04949809  0
0.53733369  0.01064612  0.00244211  0.44957805  8.91119177  0.04290142  0.04290142  0.04955281  0
0.53633866  0.01064587  0.00244206  0.45057339  8.88475276  0.04285250  0.04285250  0.04960703  0
0.53536488  0.01061841  0.00243576  0.45158094  8.85855075  0.04269341  0.04269341  0.04966150  0
0.53439109  0.01059094  0.00242946  0.45258849  8.83240797  0.04253467  0.04253467  0.04971585  0
0.53339926  0.01059063  0.00242938  0.45358071  8.80622947  0.04248619  0.04248619  0.04976954  0
0.53242549  0.01056316  0.00242308  0.45458825  8.78020494  0.04232805  0.04232805  0.04982364  0
0.53145171  0.01053569  0.00241678  0.45559579  8.75423905  0.04217026  0.04217026  0.04987762  0
0.53047793  0.01050823  0.00241048  0.45660334  8.72833158  0.04201283  0.04201283  0.04993148  0
0.52948308  0.01050798  0.00241043  0.45759849  8.70230794  0.04196530  0.04196530  0.04998485  0
0.52850931  0.01048052  0.00240413  0.45860603  8.67651714  0.04180845  0.04180845  0.05003847  0
0.52753553  0.01045305  0.00239783  0.45961357  8.65078418  0.04165196  0.04165196  0.05009196  0
0.52654393  0.01045274  0.00239775  0.46060555  8.62501680  0.04160486  0.04160486  0.05014481  0
0.52557017  0.01042527  0.00239145  0.46161309  8.59939932  0.04144894  0.04144894  0.05019806  0
0.52459640  0.01039781  0.00238515  0.46262062  8.57383911  0.04129338  0.04129338  0.05025120  0
0.52361943  0.01037041  0.00237887  0.46363127  8.54825481  0.04113829  0.04113829  0.05030439  0
0.52262796  0.01037010  0.00237880  0.46462312  8.52271797  0.04109198  0.04109198  0.05035675  0
0.52165419  0.01034264  0.00237250  0.46563065  8.49732877  0.04093733  0.04093733  0.05040954  0
0.52068042  0.01031517  0.00236620  0.46663820  8.47199607  0.04078303  0.04078303  0.05046221  0
0.51968906  0.01031486  0.00236613  0.46762993  8.44663021  0.04073727  0.04073727  0.05051422  0
0.51871530  0.01028740  0.00235983  0.46863746  8.42141030  0.04058354  0.04058354  0.05056665  0
0.51774153  0.01025993  0.00235353  0.46964499  8.39624634  0.04043014  0.04043014  0.05061897  0
0.51674705  0.01025969  0.00235347  0.47063976  8.37096864  0.04038506  0.04038506  0.05067080  0
0.51577329  0.01023223  0.00234717  0.47164729  8.34591636  0.04023222  0.04023222  0.05072289  0
0.51479953  0.01020476  0.00234087  0.47265482  8.32091945  0.04007973  0.04007973  0.05077486  0
0.51382576  0.01017730  0.00233457  0.47366235  8.29597774  0.03992756  0.03992756  0.05082671  0
0.51283463  0.01017700  0.00233450  0.47465385  8.27100410  0.03988311  0.03988311  0.05087792  0
0.51186088  0.01014953  0.00232820  0.47566137  8.24617259  0.03973150  0.03973150  0.05092955  0
0.51088385  0.01012213  0.00232192  0.47667208  8.22131467  0.03958036  0.03958036  0.05098122  0
0.50989283  0.01012183  0.00232185  0.47766347  8.19650642  0.03953644  0.03953644  0.05103209  0
0.50891908  0.01009437  0.00231555  0.47867099  8.17183867  0.03938571  0.03938571  0.05108338  0
0.50794532  0.01006690  0.00230925  0.47967852  8.14722503  0.03923532  0.03923532  0.05113455  0
0.50695441  0.01006660  0.00230918  0.48066979  8.12258051  0.03919192  0.03919192  0.05118508  0
0.50598067  0.01003914  0.00230288  0.48167730  8.09807490  0.03904207  0.03904207  0.05123603  0
0.50500692  0.01001167  0.00229658  0.48268482  8.07362286  0.03889254  0.03889254  0.05128687  0
0.50402984  0.00998427  0.00229029  0.48369557  8.04914325  0.03874347  0.03874347  0.05133776  0
0.50303906  0.00998398  0.00229022  0.48468672  8.02471443  0.03870081  0.03870081  0.05138785  0
0.50206531  0.00995651  0.00228392  0.48569423  8.00042243  0.03855214  0.03855214  0.05143836  0
0.50109156  0.00992905  0.00227762  0.48670175  7.97618331  0.03840380  0.03840380  0.05148875  0
0.50010089  0.00992875  0.00227756  0.48769279  7.95191449  0.03836165  0.03836165  0.05153851  0
0.49912715  0.00990129  0.00227126  0.48870029  7.92778095  0.03821384  0.03821384  0.05158869  0
0.49815005  0.00987389  0.00226497  0.48971107  7.90361885  0.03806647  0.03806647  0.05163892  0
0.49717629  0.00984642  0.00225867  0.49071860  7.87958986  0.03791930  0.03791930  0.05168888  0
0.49618574  0.00984613  0.00225860  0.49170950  7.85553186  0.03787787  0.03787787  0.05173820  0
0.49521200  0.00981867  0.00225230  0.49271701  7.83160708  0.03773122  0.03773122  0.05178795  0
0.49423825  0.00979120  0.00224600  0.49372452  7.80773398  0.03758489  0.03758489  0.05183759  0
0.49324782  0.00979091  0.00224594  0.49471532  7.78383236  0.03754395  0.03754395  0.05188659  0
0.49227408  0.00976345  0.00223964  0.49572281  7.76006247  0.03739814  0.03739814  0.05193601  0
0.49129694  0.00973605  0.00223335  0.49673364  7.73626292  0.03725276  0.03725276  0.05198549  0
0.49030661  0.00973576  0.00223328  0.49772433  7.71251618  0.03721232  0.03721232  0.05203417  0
0.48933288  0.00970829  0.00222699  0.49873182  7.68889967  0.03706733  0.03706733  0.05208328  0
0.48835914  0.00968083  0.00222069  0.49973932  7.66533386  0.03692266  0.03692266  0.05213228  0
0.48738540  0.00965337  0.00221439  0.50074683  7.64181856  0.03677830  0.03677830  0.05218118  0
0.48639520  0.00965308  0.00221432  0.50173738  7.61827588  0.03673854  0.03673854  0.05222943  0
0.48541803  0.00962568  0.00220803  0.50274823  7.59478072  0.03659480  0.03659480  0.05227828  0
0.48444429  0.00959822  0.00220173  0.50375574  7.57141636  0.03645125  0.03645125  0.05232687  0
0.48345420  0.00959793  0.00220167  0.50474619  7.54802510  0.03641197  0.03641197  0.05237481  0
0.48296608  0.00958010  0.00219758  0.50525622  7.53631063  0.03632459  0.03632459  0.05239927  0
0.48199137  0.00955261  0.00219127  0.50626473  7.51304783  0.03618158  0.03618158  0.05244765  0
0.48100037  0.00955232  0.00219121  0.50725608  7.48975855  0.03614265  0.03614265  0.05249538  0
0.48002568  0.00952483  0.00218490  0.50826457  7.46659506  0.03600013  0.03600013  0.05254355  0
0.47904749  0.00949741  0.00217861  0.50927647  7.44340010  0.03585803  0.03585803  0.05259178  0
0.47807278  0.00946992  0.00217230  0.51028498  7.42033500  0.03571611  0.03571611  0.05263974  0
0.47708191  0.00946963  0.00217224  0.51127620  7.39724403  0.03567785  0.03567785  0.05268707  0
0.47610721  0.00944214  0.00216593  0.51228470  7.37427698  0.03553643  0.03553643  0.05273482  0
0.47513250  0.00941465  0.00215963  0.51329320  7.35135857  0.03539531  0.03539531  0.05278248  0
0.47414174  0.00941437  0.00215956  0.51428430  7.32841476  0.03535752  0.03535752  0.05282951  0
0.47316353  0.00938694  0.00215327  0.51529623  7.30551281  0.03521699  0.03521699  0.05287713  0
0.47218883  0.00935945  0.00214696  0.51630473  7.28273970  0.03507665  0.03507665  0.05292448  0
0.47121412  0.00933196  0.00214066  0.51731324  7.26001462  0.03493661  0.03493661  0.05297174  0
0.47022349  0.00933168  0.00214059  0.51830422  7.23726476  0.03489947  0.03489947  0.05301836  0
0.46924879  0.00930419  0.00213429  0.51931270  7.21463556  0.03475991  0.03475991  0.05306542  0
0.46827409  0.00927670  0.00212798  0.52032120  7.19205394  0.03462064  0.03462064  0.05311238  0
0.46728357  0.00927643  0.00212792  0.52131206  7.16944799  0.03458395  0.03458395  0.05315871  0
0.46630532  0.00924900  0.00212163  0.52232404  7.14688081  0.03444526  0.03444526  0.05320563  0
0.46533062  0.00922151  0.00211532  0.52333253  7.12444130  0.03430677  0.03430677  0.05325230  0
0.46434020  0.00922123  0.00211526  0.52432329  7.10197793  0.03427052  0.03427052  0.05329833  0
0.46336552  0.00919374  0.00210895  0.52533177  7.07963252  0.03413250  0.03413250  0.05334480  0
0.46239083  0.00916626  0.00210265  0.52634025  7.05733379  0.03399476  0.03399476  0.05339117  0
0.46141613  0.00913877  0.00209634  0.52734874  7.03508158  0.03385731  0.03385731  0.05343745  0
0.46042224  0.00913855  0.00209629  0.52834290  7.01272565  0.03382179  0.03382179  0.05348326  0
0.45944755  0.00911106  0.00208999  0.52935138  6.99056637  0.03368481  0.03368481  0.05352934  0
0.45847286  0.00908357  0.00208368  0.53035986  6.96845320  0.03354812  0.03354812  0.05357533  0
0.45748268  0.00908330  0.00208362  0.53135038  6.94631719  0.03351293  0.03351293  0.05362069  0
0.45650800  0.00905581  0.00207731  0.53235885  6.92429606  0.03337670  0.03337670  0.05366649  0
0.45553332  0.00902833  0.00207101  0.53336733  6.90232059  0.03324075  0.03324075  0.05371219  0
0.45455863  0.00900084  0.00206470  0.53437582  6.88039065  0.03310508  0.03310508  0.05375779  0
0.45356493  0.00900063  0.00206465  0.53536977  6.85835811  0.03307060  0.03307060  0.05380294  0
0.45259024  0.00897314  0.00205835  0.53637825  6.83651909  0.03293539  0.03293539  0.05384836  0
0.45161556  0.00894565  0.00205204  0.53738673  6.81472517  0.03280046  0.03280046  0.05389368  0
0.45062561  0.00894538  0.00205198  0.53837701  6.79290943  0.03276630  0.03276630  0.05393838  0
0.44965094  0.00891789  0.00204567  0.53938547  6.77120557  0.03263183  0.03263183  0.05398352  0
0.44867626  0.00889040  0.00203937  0.54039395  6.74954639  0.03249762  0.03249762  0.05402856  0
0.44768273  0.00889020  0.00203932  0.54138773  6.72778559  0.03246399  0.03246399  0.05407315  0
0.44670806  0.00886271  0.00203302  0.54239619  6.70621565  0.03233024  0.03233024  0.05411801  0
0.44573339  0.00883522  0.00202671  0.54340466  6.68468999  0.03219676  0.03219676  0.05416277  0
0.44475871  0.00880773  0.00202040  0.54441314  6.66320846  0.03206355  0.03206355  0.05420745  0
0.44376900  0.00880747  0.00202034  0.54540317  6.64170610  0.03203041  0.03203041  0.05425151  0
0.44279433  0.00877998  0.00201404  0.54641163  6.62031270  0.03189765  0.03189765  0.05429600  0
0.44181966  0.00875249  0.00200773  0.54742010  6.59896303  0.03176516  0.03176516  0.05434040  0
0.44082632  0.00875229  0.00200769  0.54841368  6.57751284  0.03173252  0.03173252  0.05438435  0
0.43985166  0.00872480  0.00200138  0.54942214  6.55625051  0.03160047  0.03160047  0.05442857  0
0.43887699  0.00869731  0.00199508  0.55043060  6.53503150  0.03146869  0.03146869  0.05447270  0
0.43788749  0.00869705  0.00199502  0.55142042  6.51379250  0.03143635  0.03143635  0.05451621  0
0.43691284  0.00866957  0.00198871  0.55242887  6.49266002  0.03130501  0.03130501  0.05456016  0
0.43593818  0.00864208  0.00198241  0.55343732  6.47157047  0.03117393  0.03117393  0.05460403  0
0.43495973  0.00861465  0.00197611  0.55444949  6.45044371  0.03104321  0.03104321  0.05464796  0
0.43397036  0.00861439  0.00197605  0.55543917  6.42937753  0.03101145  0.03101145  0.05469112  0
0.43299570  0.00858690  0.00196975  0.55644763  6.40841627  0.03088107  0.03088107  0.05473472  0
0.43202104  0.00855942  0.00196344  0.55745609  6.38749741  0.03075095  0.03075095  0.05477822  0
0.43103178  0.00855916  0.00196338  0.55844566  6.36655951  0.03071958  0.03071958  0.05482112  0
0.43005713  0.00853167  0.00195708  0.55945410  6.34572535  0.03058989  0.03058989  0.05486445  0
0.42908247  0.00850418  0.00195077  0.56046255  6.32493321  0.03046046  0.03046046  0.05490769  0
0.42810398  0.00847675  0.00194448  0.56147476  6.30410311  0.03033138  0.03033138  0.05495101  0
0.42711485  0.00847650  0.00194442  0.56246420  6.28333438  0.03030056  0.03030056  0.05499356  0
0.42614020  0.00844901  0.00193812  0.56347265  6.26266783  0.03017182  0.03017182  0.05503654  0
0.42516554  0.00842153  0.00193181  0.56448110  6.24204280  0.03004333  0.03004333  0.05507944  0
0.42417652  0.00842127  0.00193176  0.56547043  6.22139966  0.03001290  0.03001290  0.05512173  0
0.42320187  0.00839379  0.00192545  0.56647887  6.20085754  0.02988483  0.02988483  0.05516445  0
0.42222336  0.00836636  0.00191916  0.56749111  6.18027682  0.02975710  0.02975710  0.05520726  0
0.42123444  0.00836611  0.00191910  0.56848033  6.15975816  0.02972705  0.02972705  0.05524929  0
0.42025980  0.00833862  0.00191279  0.56948877  6.13933937  0.02959965  0.02959965  0.05529176  0
0.41928515  0.00831113  0.00190649  0.57049721  6.11896137  0.02947250  0.02947250  0.05533414  0
0.41831050  0.00828365  0.00190018  0.57150565  6.09862401  0.02934561  0.02934561  0.05537644  0
0.41732171  0.00828340  0.00190013  0.57249474  6.07826946  0.02931609  0.02931609  0.05541814  0
0.41634707  0.00825591  0.00189382  0.57350317  6.05801329  0.02918961  0.02918961  0.05546027  0
0.41536852  0.00822848  0.00188753  0.57451545  6.03771780  0.02906347  0.02906347  0.05550248  0
0.41437984  0.00822823  0.00188747  0.57550444  6.01748513  0.02903432  0.02903432  0.05554392  0
0.41340520  0.00820075  0.00188117  0.57651286  5.99734973  0.02890850  0.02890850  0.05558580  0
0.41243056  0.00817326  0.00187486  0.57752130  5.97725426  0.02878292  0.02878292  0.05562760  0
0.41144199  0.00817302  0.00187481  0.57851017  5.95714236  0.02875414  0.02875414  0.05566879  0
0.41046736  0.00814553  0.00186850  0.57951859  5.93712664  0.02862897  0.02862897  0.05571043  0
0.40948878  0.00811810  0.00186221  0.58053090  5.91707100  0.02850413  0.02850413  0.05575214  0
0.40851413  0.00809061  0.00185590  0.58153934  5.89713432  0.02837945  0.02837945  0.05579361  0
0.40752568  0.00809037  0.00185585  0.58252808  5.87718172  0.02835118  0.02835118  0.05583448  0
0.40655105  0.00806288  0.00184954  0.58353650  5.85732385  0.02822690  0.02822690  0.05587578  0
0.40557641  0.00803540  0.00184324  0.58454493  5.83750508  0.02810287  0.02810287  0.05591701  0
0.40458808  0.00803516  0.00184318  0.58553356  5.81767076  0.02807496  0.02807496  0.05595763  0
0.40361346  0.00800767  0.00183688  0.58654197  5.79793009  0.02795132  0.02795132  0.05599869  0
0.40263483  0.00798024  0.00183059  0.58755432  5.77814885  0.02782800  0.02782800  0.05603983  0
0.40166019  0.00795275  0.00182428  0.58856275  5.75848561  0.02770484  0.02770484  0.05608074  0
0.40067198  0.00795252  0.00182423  0.58955125  5.73880731  0.02767744  0.02767744  0.05612104  0
0.39969736  0.00792503  0.00181792  0.59055967  5.71922126  0.02755467  0.02755467  0.05616178  0
0.39872272  0.00789754  0.00181162  0.59156809  5.69967351  0.02743214  0.02743214  0.05620244  0
0.39773463  0.00789731  0.00181156  0.59255648  5.68011107  0.02740509  0.02740509  0.05624250  0
0.39675598  0.00786988  0.00180527  0.59356886  5.66056063  0.02728302  0.02728302  0.05628317  0
0.39578135  0.00784239  0.00179896  0.59457728  5.64112738  0.02716112  0.02716112  0.05632359  0
0.39479335  0.00784216  0.00179891  0.59556556  5.62167980  0.02713441  0.02713441  0.05636341  0
0.39381874  0.00781467  0.00179261  0.59657396  5.60232239  0.02701289  0.02701289  0.05640368  0
0.39284412  0.00778719  0.00178630  0.59758238  5.58300262  0.02689161  0.02689161  0.05644387  0
0.39186949  0.00775970  0.00178000  0.59859080  5.56372037  0.02677056  0.02677056  0.05648398  0
0.39088163  0.00775947  0.00177994  0.59957894  5.54442427  0.02674434  0.02674434  0.05652350  0
0.38990294  0.00773204  0.00177365  0.60059136  5.52513793  0.02662374  0.02662374  0.05656361  0
0.38892831  0.00770455  0.00176735  0.60159977  5.50596786  0.02650330  0.02650330  0.05660349  0
0.38794055  0.00770432  0.00176729  0.60258781  5.48678429  0.02647742  0.02647742  0.05664277  0
0.38696594  0.00767684  0.00176099  0.60359621  5.46768852  0.02635736  0.02635736  0.05668250  0
0.38599133  0.00764935  0.00175468  0.60460462  5.44862963  0.02623753  0.02623753  0.05672214  0
0.38501670  0.00762187  0.00174838  0.60561303  5.42960751  0.02611793  0.02611793  0.05676172  0
0.38402496  0.00762169  0.00174834  0.60660499  5.41049344  0.02609259  0.02609259  0.05680085  0
0.38305035  0.00759420  0.00174203  0.60761339  5.39154478  0.02597337  0.02597337  0.05684027  0
0.38207573  0.00756672  0.00173573  0.60862181  5.37263258  0.02585437  0.02585437  0.05687961  0
0.38108821  0.00756649  0.00173568  0.60960960  5.35370769  0.02582929  0.02582929  0.05691836  0
0.38011360  0.00753901  0.00172937  0.61061800  5.33486830  0.02571066  0.02571066  0.05695755  0
0.37913899  0.00751152  0.00172307  0.61162640  5.31606504  0.02559225  0.02559225  0.05699667  0
0.37815158  0.00751130  0.00172302  0.61261408  5.29724944  0.02556750  0.02556750  0.05703519  0
0.37717282  0.00748387  0.00171672  0.61362657  5.27843960  0.02544953  0.02544953  0.05707432  0
0.37619821  0.00745638  0.00171042  0.61463497  5.25974437  0.02533172  0.02533172  0.05711322  0
0.37522360  0.00742890  0.00170411  0.61564337  5.24108487  0.02521413  0.02521413  0.05715204  0
0.37423631  0.00742867  0.00170406  0.61663093  5.22241347  0.02518983  0.02518983  0.05719026  0
0.37326172  0.00740119  0.00169776  0.61763932  5.20382532  0.02507261  0.02507261  0.05722893  0
0.37228711  0.00737371  0.00169145  0.61864771  5.18527259  0.02495560  0.02495560  0.05726753  0
0.37129573  0.00737354  0.00169141  0.61963930  5.16662968  0.02493170  0.02493170  0.05730569  0
0.37032114  0.00734605  0.00168511  0.62064768  5.14814771  0.02481505  0.02481505  0.05734414  0
0.36934653  0.00731857  0.00167880  0.62165608  5.12970085  0.02469862  0.02469862  0.05738252  0
0.36835946  0.00731835  0.00167875  0.62264342  5.11124278  0.02467496  0.02467496  0.05742031  0
0.36738487  0.00729087  0.00167245  0.62365179  5.09286606  0.02455889  0.02455889  0.05745854  0
0.36641028  0.00726338  0.00166615  0.62466017  5.07452415  0.02444304  0.02444304  0.05749670  0
0.36543568  0.00723590  0.00165984  0.62566856  5.05621697  0.02432741  0.02432741  0.05753479  0
0.36444449  0.00723573  0.00165980  0.62665995  5.03782054  0.02430426  0.02430426  0.05757245  0
0.36346990  0.00720825  0.00165350  0.62766833  5.01958272  0.02418898  0.02418898  0.05761039  0
0.36249530  0.00718076  0.00164719  0.62867672  5.00137932  0.02407391  0.02407391  0.05764826  0
0.36150847  0.00718055  0.00164714  0.62966382  4.98316546  0.02405100  0.02405100  0.05768555  0
0.36053389  0.00715307  0.00164084  0.63067219  4.96503082  0.02393628  0.02393628  0.05772328  0
0.35955930  0.00712558  0.00163454  0.63168056  4.94693030  0.02382178  0.02382178  0.05776094  0
0.35858041  0.00709815  0.00162824  0.63269318  4.92878550  0.02370757  0.02370757  0.05779868  0
0.35759371  0.00709793  0.00162819  0.63368015  4.91070902  0.02368509  0.02368509  0.05783568  0
0.35661912  0.00707045  0.00162189  0.63468852  4.89271054  0.02357115  0.02357115  0.05787313  0
0.35564452  0.00704297  0.00161559  0.63569690  4.87474580  0.02345742  0.02345742  0.05791051  0
0.35465793  0.00704276  0.00161554  0.63668376  4.85677136  0.02343524  0.02343524  0.05794730  0
0.35368335  0.00701528  0.00160923  0.63769212  4.83887403  0.02332185  0.02332185  0.05798454  0
0.35270877  0.00698779  0.00160293  0.63870049  4.82101016  0.02320868  0.02320868  0.05802170  0
0.35171794  0.00698763  0.00160289  0.63969151  4.80305876  0.02318686  0.02318686  0.05805845  0
0.35074337  0.00696015  0.00159659  0.64069987  4.78526176  0.02307402  0.02307402  0.05809548  0
0.34976879  0.00693267  0.00159028  0.64170824  4.76749794  0.02296140  0.02296140  0.05813244  0
0.34879420  0.00690518  0.00158398  0.64271662  4.74976720  0.02284898  0.02284898  0.05816933  0
0.34780784  0.00690498  0.00158393  0.64370323  4.73202750  0.02282752  0.02282752  0.05820563  0
0.34683327  0.00687749  0.00157763  0.64471159  4.71436286  0.02271544  0.02271544  0.05824239  0
0.34585432  0.00685006  0.00157133  0.64572427  4.69665303  0.02260362  0.02260362  0.05827923  0
0.34486806  0.00684985  0.00157129  0.64671078  4.67901256  0.02258245  0.02258245  0.05831534  0
0.34389349  0.00682237  0.00156498  0.64771914  4.66144630  0.02247091  0.02247091  0.05835189  0
0.34291891  0.00679489  0.00155868  0.64872750  4.64391257  0.02235957  0.02235957  0.05838837  0
0.34194433  0.00676740  0.00155237  0.64973587  4.62641130  0.02224844  0.02224844  0.05842478  0
0.34095820  0.00676720  0.00155233  0.65072224  4.60890177  0.02222768  0.02222768  0.05846062  0
0.33998364  0.00673972  0.00154602  0.65173060  4.59146530  0.02211688  0.02211688  0.05849690  0
0.33900464  0.00671228  0.00153973  0.65274332  4.57398319  0.02200634  0.02200634  0.05853327  0
0.33801862  0.00671208  0.00153968  0.65372959  4.55657099  0.02198586  0.02198586  0.05856890  0
0.33704406  0.00668460  0.00153338  0.65473794  4.53923100  0.02187559  0.02187559  0.05860498  0
0.33606949  0.00665712  0.00152708  0.65574630  4.52192293  0.02176552  0.02176552  0.05864100  0
0.33508358  0.00665692  0.00152703  0.65673245  4.50460721  0.02174532  0.02174532  0.05867643  0
0.33410902  0.00662944  0.00152073  0.65774079  4.48736289  0.02163557  0.02163557  0.05871232  0
0.33313000  0.00660200  0.00151443  0.65875354  4.47007253  0.02152609  0.02152609  0.05874829  0
0.33215543  0.00657452  0.00150813  0.65976191  4.45289144  0.02141674  0.02141674  0.05878404  0
0.33116964  0.00657432  0.00150808  0.66074793  4.43570310  0.02139694  0.02139694  0.05881921  0
0.33019508  0.00654684  0.00150178  0.66175628  4.41858505  0.02128791  0.02128791  0.05885483  0
0.32922052  0.00651936  0.00149547  0.66276463  4.40149830  0.02117909  0.02117909  0.05889039  0
0.32823484  0.00651917  0.00149543  0.66375054  4.38440460  0.02115956  0.02115956  0.05892536  0
0.32726029  0.00649168  0.00148913  0.66475888  4.36738038  0.02105105  0.02105105  0.05896079  0
0.32628123  0.00646425  0.00148283  0.66577167  4.35030970  0.02094280  0.02094280  0.05899631  0
0.32529566  0.00646405  0.00148279  0.66675748  4.33330989  0.02092354  0.02092354  0.05903109  0
0.32432111  0.00643657  0.00147648  0.66776581  4.31637875  0.02081554  0.02081554  0.05906632  0
0.32334656  0.00640909  0.00147018  0.66877415  4.29947840  0.02070774  0.02070774  0.05910149  0
0.32237200  0.00638161  0.00146388  0.66978250  4.28260876  0.02060013  0.02060013  0.05913660  0
0.32138656  0.00638142  0.00146383  0.67076817  4.26573284  0.02058126  0.02058126  0.05917113  0
0.32040747  0.00635398  0.00145754  0.67178099  4.24884719  0.02047402  0.02047402  0.05920626  0
0.31943291  0.00632650  0.00145123  0.67278933  4.23206937  0.02036692  0.02036692  0.05924117  0
0.31844758  0.00632631  0.00145119  0.67377490  4.21528555  0.02034831  0.02034831  0.05927551  0
0.31747304  0.00629883  0.00144489  0.67478323  4.19856857  0.02024152  0.02024152  0.05931030  0
0.31649849  0.00627135  0.00143858  0.67579156  4.18188179  0.02013492  0.02013492  0.05934503  0
0.31552393  0.00624387  0.00143228  0.67679990  4.16522514  0.02002851  0.02002851  0.05937969  0
0.31453873  0.00624368  0.00143224  0.67778533  4.14856287  0.02001027  0.02001027  0.05941378  0
0.31355960  0.00621624  0.00142594  0.67879819  4.13188924  0.01990423  0.01990423  0.05944847  0
0.31258505  0.00618876  0.00141964  0.67980653  4.11532267  0.01979831  0.01979831  0.05948295  0
0.31159995  0.00618858  0.00141960  0.68079186  4.09875078  0.01978034  0.01978034  0.05951685  0
0.31062541  0.00616110  0.00141329  0.68180018  4.08224391  0.01967473  0.01967473  0.05955120  0
0.30965087  0.00613362  0.00140699  0.68280851  4.06576668  0.01956931  0.01956931  0.05958549  0
0.30866588  0.00613343  0.00140695  0.68379372  4.04928439  0.01955159  0.01955159  0.05961921  0
0.30768672  0.00610600  0.00140065  0.68480661  4.03278936  0.01944652  0.01944652  0.05965353  0
0.30671218  0.00607852  0.00139435  0.68581493  4.01640077  0.01934159  0.01934159  0.05968764  0
0.30573763  0.00605104  0.00138805  0.68682327  4.00004150  0.01923685  0.01923685  0.05972168  0
0.30475277  0.00605085  0.00138800  0.68780835  3.98367754  0.01921949  0.01921949  0.05975516  0
0.30377824  0.00602337  0.00138170  0.68881667  3.96737685  0.01911505  0.01911505  0.05978908  0
0.30280370  0.00599589  0.00137540  0.68982499  3.95110524  0.01901079  0.01901079  0.05982294  0
0.30181895  0.00599572  0.00137536  0.69080996  3.93482921  0.01899368  0.01899368  0.05985624  0
0.30083975  0.00596828  0.00136906  0.69182289  3.91853889  0.01888976  0.01888976  0.05989014  0
0.29986521  0.00594080  0.00136276  0.69283121  3.90235427  0.01878598  0.01878598  0.05992382  0
0.29888056  0.00594062  0.00136272  0.69381608  3.88616550  0.01876912  0.01876912  0.05995693  0
0.29790605  0.00591314  0.00135641  0.69482438  3.87003852  0.01866564  0.01866564  0.05999050  0
0.29693152  0.00588566  0.00135011  0.69583269  3.85394016  0.01856233  0.01856233  0.06002400  0
0.29595698  0.00585818  0.00134381  0.69684101  3.83787035  0.01845921  0.01845921  0.06005744  0
0.29496776  0.00585804  0.00134378  0.69783040  3.82172008  0.01844275  0.01844275  0.06009048  0
0.29399323  0.00583057  0.00133747  0.69883871  3.80570733  0.01833992  0.01833992  0.06012380  0
0.29301870  0.00580309  0.00133117  0.69984703  3.78972290  0.01823727  0.01823727  0.06015707  0
0.29203429  0.00580291  0.00133113  0.70083165  3.77373493  0.01822100  0.01822100  0.06018977  0
0.29105977  0.00577543  0.00132482  0.70183995  3.75780707  0.01811864  0.01811864  0.06022292  0
0.29008525  0.00574795  0.00131852  0.70284825  3.74190731  0.01801646  0.01801646  0.06025601  0
0.28911072  0.00572048  0.00131222  0.70385657  3.72603556  0.01791446  0.01791446  0.06028905  0
0.28812168  0.00572034  0.00131219  0.70484577  3.71008415  0.01789858  0.01789858  0.06032167  0
0.28714716  0.00569286  0.00130588  0.70585407  3.69426841  0.01779686  0.01779686  0.06035459  0
0.28617264  0.00566539  0.00129958  0.70686238  3.67848047  0.01769532  0.01769532  0.06038745  0
0.28547550  0.00567092  0.00130085  0.70755272  3.66731790  0.01770198  0.01770198  0.06041016  0
0.28450001  0.00564341  0.00129454  0.70856202  3.65156157  0.01760057  0.01760057  0.06044295  0
0.28352451  0.00561591  0.00128823  0.70957133  3.63583289  0.01749934  0.01749934  0.06047569  0
0.28253464  0.00561578  0.00128820  0.71056136  3.62002514  0.01748390  0.01748390  0.06050802  0
0.28155916  0.00558827  0.00128189  0.71157066  3.60435174  0.01738295  0.01738295  0.06054064  0
0.28058366  0.00556076  0.00127558  0.71257997  3.58870578  0.01728218  0.01728218  0.06057320  0
0.27960816  0.00553326  0.00126927  0.71358929  3.57308718  0.01718159  0.01718159  0.06060571  0
0.27862322  0.00553309  0.00126923  0.71457443  3.55746625  0.01716643  0.01716643  0.06063765  0
0.27764774  0.00550559  0.00126292  0.71558373  3.54190233  0.01706611  0.01706611  0.06067005  0
0.27667225  0.00547808  0.00125661  0.71659304  3.52636555  0.01696597  0.01696597  0.06070239  0
0.27568257  0.00547795  0.00125659  0.71758287  3.51075048  0.01695109  0.01695109  0.06073432  0
0.27470709  0.00545045  0.00125028  0.71859217  3.49526798  0.01685122  0.01685122  0.06076654  0
0.27373160  0.00542294  0.00124397  0.71960147  3.47981241  0.01675153  0.01675153  0.06079871  0
0.27275611  0.00539543  0.00123766  0.72061078  3.46438371  0.01665201  0.01665201  0.06083082  0
0.27177140  0.00539527  0.00123762  0.72159568  3.44895327  0.01663741  0.01663741  0.06086238  0
0.27079592  0.00536777  0.00123131  0.72260498  3.43357824  0.01653816  0.01653816  0.06089438  0
0.26981555  0.00534030  0.00122501  0.72361912  3.41815383  0.01643913  0.01643913  0.06092648  0
0.26883095  0.00534014  0.00122497  0.72460391  3.40280399  0.01642476  0.01642476  0.06095787  0
0.26785548  0.00531263  0.00121866  0.72561321  3.38750891  0.01632595  0.01632595  0.06098971  0
0.26687999  0.00528513  0.00121235  0.72662250  3.37224029  0.01622732  0.01622732  0.06102149  0
0.26589550  0.00528497  0.00121232  0.72760719  3.35697040  0.01621316  0.01621316  0.06105271  0
0.26492004  0.00525747  0.00120601  0.72861647  3.34175462  0.01611480  0.01611480  0.06108438  0
0.26394456  0.00522996  0.00119970  0.72962576  3.32656509  0.01601660  0.01601660  0.06111600  0
0.26296415  0.00520249  0.00119340  0.73063994  3.31132587  0.01591862  0.01591862  0.06114771  0
0.26197979  0.00520233  0.00119336  0.73162450  3.29616160  0.01590478  0.01590478  0.06117872  0
0.26100432  0.00517483  0.00118705  0.73263378  3.28105056  0.01580702  0.01580702  0.06121017  0
0.26002884  0.00514732  0.00118074  0.73364308  3.26596551  0.01570943  0.01570943  0.06124157  0
0.25904458  0.00514717  0.00118071  0.73462752  3.25087975  0.01569581  0.01569581  0.06127242  0
0.25806912  0.00511967  0.00117440  0.73563679  3.23584659  0.01559848  0.01559848  0.06130371  0
0.25708868  0.00509220  0.00116810  0.73665100  3.22076350  0.01550135  0.01550135  0.06133510  0
0.25610453  0.00509204  0.00116806  0.73763534  3.20575568  0.01548795  0.01548795  0.06136579  0
0.25512908  0.00506454  0.00116175  0.73864461  3.19079981  0.01539105  0.01539105  0.06139692  0
0.25415361  0.00503703  0.00115544  0.73965389  3.17586952  0.01529431  0.01529431  0.06142800  0
0.25317813  0.00500953  0.00114913  0.74066318  3.16096474  0.01519774  0.01519774  0.06145902  0
0.25219412  0.00500938  0.00114910  0.74164738  3.14605981  0.01518465  0.01518465  0.06148950  0
0.25121866  0.00498188  0.00114279  0.74265665  3.13120600  0.01508834  0.01508834  0.06152042  0
0.25023818  0.00495440  0.00113649  0.74367090  3.11630199  0.01499223  0.01499223  0.06155144  0
0.24925427  0.00495426  0.00113645  0.74465500  3.10147360  0.01497934  0.01497934  0.06158175  0
0.24827882  0.00492675  0.00113015  0.74566427  3.08669570  0.01488345  0.01488345  0.06161251  0
0.24730335  0.00489925  0.00112384  0.74667354  3.07194293  0.01478772  0.01478772  0.06164322  0
0.24632788  0.00487174  0.00111753  0.74768282  3.05721521  0.01469216  0.01469216  0.06167388  0
0.24534410  0.00487160  0.00111749  0.74866678  3.04248788  0.01467957  0.01467957  0.06170399  0
0.24436360  0.00484413  0.00111119  0.74968106  3.02773488  0.01458430  0.01458430  0.06173470  0
0.24338813  0.00481662  0.00110488  0.75069034  3.01308212  0.01448915  0.01448915  0.06176520  0
0.24240446  0.00481648  0.00110485  0.75167419  2.99842997  0.01447677  0.01447677  0.06179515  0
0.24142901  0.00478898  0.00109854  0.75268346  2.98382689  0.01438188  0.01438188  0.06182555  0
0.24045355  0.00476147  0.00109223  0.75369273  2.96924849  0.01428714  0.01428714  0.06185590  0
0.23946998  0.00476133  0.00109220  0.75467647  2.95467092  0.01427496  0.01427496  0.06188570  0
0.23849454  0.00473383  0.00108589  0.75568572  2.94014182  0.01418048  0.01418048  0.06191594  0
0.23751400  0.00470635  0.00107959  0.75670004  2.92556205  0.01408619  0.01408619  0.06194629  0
0.23653854  0.00467885  0.00107328  0.75770931  2.91108189  0.01399202  0.01399202  0.06197643  0
0.23555510  0.00467871  0.00107325  0.75869293  2.89660287  0.01398014  0.01398014  0.06200603  0
0.23457965  0.00465121  0.00106694  0.75970218  2.88217151  0.01388622  0.01388622  0.06203607  0
0.23360420  0.00462370  0.00106063  0.76071145  2.86776440  0.01379246  0.01379246  0.06206607  0
0.23262087  0.00462357  0.00106060  0.76169495  2.85335865  0.01378077  0.01378077  0.06209551  0
0.23164030  0.00459609  0.00105430  0.76270929  2.83892499  0.01368729  0.01368729  0.06212555  0
0.23066485  0.00456859  0.00104799  0.76371855  2.82459040  0.01359393  0.01359393  0.06215540  0
0.22968162  0.00456845  0.00104796  0.76470195  2.81025739  0.01358244  0.01358244  0.06218469  0
0.22870619  0.00454095  0.00104165  0.76571119  2.79597087  0.01348933  0.01348933  0.06221443  0
0.22773075  0.00451345  0.00103534  0.76672044  2.78170823  0.01339637  0.01339637  0.06224413  0
0.22675530  0.00448595  0.00102903  0.76772970  2.76746941  0.01330357  0.01330357  0.06227377  0
0.22577221  0.00448581  0.00102900  0.76871296  2.75323245  0.01329236  0.01329236  0.06230287  0
0.22479160  0.00445834  0.00102270  0.76972735  2.73896643  0.01319983  0.01319983  0.06233256  0
0.22381615  0.00443084  0.00101639  0.77073660  2.72479887  0.01310743  0.01310743  0.06236206  0
0.22283316  0.00443070  0.00101636  0.77171976  2.71063338  0.01309641  0.01309641  0.06239101  0
0.22185774  0.00440320  0.00101005  0.77272900  2.69651305  0.01300425  0.01300425  0.06242041  0
0.22088230  0.00437570  0.00100374  0.77373824  2.68241619  0.01291223  0.01291223  0.06244976  0
0.21990686  0.00434820  0.00099743  0.77474749  2.66834272  0.01282037  0.01282037  0.06247906  0
0.21891878  0.00434810  0.00099741  0.77573570  2.65419700  0.01280967  0.01280967  0.06250796  0
0.21794335  0.00432059  0.00099110  0.77674494  2.64017033  0.01271805  0.01271805  0.06253717  0
0.21696791  0.00429309  0.00098479  0.77775419  2.62616689  0.01262658  0.01262658  0.06256632  0
0.21598515  0.00429296  0.00098476  0.77873710  2.61216602  0.01261603  0.01261603  0.06259493  0
0.21500973  0.00426546  0.00097845  0.77974634  2.59820900  0.01252479  0.01252479  0.06262399  0
0.21403430  0.00423796  0.00097214  0.78075558  2.58427503  0.01243371  0.01243371  0.06265300  0
0.21305166  0.00423783  0.00097211  0.78173838  2.57034384  0.01242335  0.01242335  0.06268147  0
0.21207098  0.00421036  0.00096581  0.78275283  2.55638151  0.01233253  0.01233253  0.06271054  0
0.21109555  0.00418286  0.00095950  0.78376207  2.54251653  0.01224183  0.01224183  0.06273940  0
0.21012012  0.00415535  0.00095319  0.78477131  2.52867437  0.01215128  0.01215128  0.06276822  0
0.20913760  0.00415523  0.00095317  0.78575398  2.51483527  0.01214119  0.01214119  0.06279650  0
0.20816218  0.00412773  0.00094686  0.78676321  2.50103873  0.01205087  0.01205087  0.06282523  0
0.20718676  0.00410023  0.00094055  0.78777245  2.48726485  0.01196070  0.01196070  0.06285390  0
0.20619904  0.00410013  0.00094053  0.78876028  2.47341997  0.01195082  0.01195082  0.06288219  0
0.20522363  0.00407263  0.00093422  0.78976950  2.45969140  0.01186088  0.01186088  0.06291078  0
0.20424821  0.00404513  0.00092791  0.79077873  2.44598532  0.01177109  0.01177109  0.06293931  0
0.20327278  0.00401763  0.00092160  0.79178797  2.43230168  0.01168144  0.01168144  0.06296781  0
0.20229050  0.00401751  0.00092157  0.79277040  2.41862157  0.01167180  0.01167180  0.06299576  0
0.20131509  0.00399001  0.00091526  0.79377962  2.40498276  0.01158238  0.01158238  0.06302415  0
0.20033967  0.00396250  0.00090896  0.79478885  2.39136623  0.01149311  0.01149311  0.06305251  0
0.19935214  0.00396241  0.00090894  0.79577649  2.37767936  0.01148367  0.01148367  0.06308047  0
0.19837673  0.00393491  0.00090263  0.79678571  2.36410736  0.01139463  0.01139463  0.06310873  0
0.19740132  0.00390741  0.00089632  0.79779494  2.35055747  0.01130573  0.01130573  0.06313694  0
0.19641925  0.00390729  0.00089629  0.79877715  2.33701150  0.01129644  0.01129644  0.06316462  0
0.19544385  0.00387979  0.00088998  0.79978636  2.32350579  0.01120776  0.01120776  0.06319274  0
0.19446844  0.00385229  0.00088367  0.80079557  2.31002203  0.01111923  0.01111923  0.06322081  0
0.19348764  0.00382482  0.00087737  0.80181016  2.29648626  0.01103087  0.01103087  0.06324899  0
0.19250569  0.00382470  0.00087735  0.80279224  2.28302861  0.01102184  0.01102184  0.06327649  0
0.19153029  0.00379720  0.00087104  0.80380145  2.26961051  0.01093368  0.01093368  0.06330443  0
0.19055488  0.00376970  0.00086473  0.80481067  2.25621416  0.01084566  0.01084566  0.06333232  0
0.18957305  0.00376959  0.00086470  0.80579264  2.24282218  0.01083680  0.01083680  0.06335968  0
0.18859765  0.00374209  0.00085839  0.80680185  2.22946925  0.01074900  0.01074900  0.06338749  0
0.18762225  0.00371459  0.00085209  0.80781106  2.21613790  0.01066134  0.01066134  0.06341524  0
0.18663509  0.00371450  0.00085207  0.80879832  2.20273742  0.01065267  0.01065267  0.06344262  0
0.18565970  0.00368700  0.00084576  0.80980752  2.18944921  0.01056524  0.01056524  0.06347029  0
0.18468430  0.00365950  0.00083945  0.81081673  2.17618242  0.01047794  0.01047794  0.06349791  0
0.18370889  0.00363200  0.00083314  0.81182595  2.16293700  0.01039078  0.01039078  0.06352550  0
0.18272730  0.00363189  0.00083312  0.81280768  2.14969641  0.01038234  0.01038234  0.06355254  0
0.18175191  0.00360439  0.00082681  0.81381687  2.13649369  0.01029540  0.01029540  0.06358004  0
0.18077103  0.00357691  0.00082051  0.81483153  2.12323865  0.01020863  0.01020863  0.06360763  0
0.17978954  0.00357681  0.00082048  0.81581315  2.11006218  0.01020036  0.01020036  0.06363455  0
0.17881415  0.00354931  0.00081417  0.81682234  2.09692309  0.01011377  0.01011377  0.06366191  0
0.17783876  0.00352181  0.00080787  0.81783155  2.08380506  0.01002733  0.01002733  0.06368922  0
0.17686336  0.00349431  0.00080156  0.81884076  2.07070803  0.00994102  0.00994102  0.06371650  0
0.17588200  0.00349420  0.00080153  0.81982224  2.05761628  0.00993299  0.00993299  0.06374324  0
0.17490661  0.00346670  0.00079522  0.82083144  2.04456124  0.00984690  0.00984690  0.06377042  0
0.17392570  0.00343923  0.00078892  0.82184613  2.03145373  0.00976097  0.00976097  0.06379772  0
0.17294444  0.00343912  0.00078890  0.82282751  2.01842502  0.00975310  0.00975310  0.06382433  0
0.17196906  0.00341163  0.00078259  0.82383670  2.00543255  0.00966736  0.00966736  0.06385138  0
0.17099367  0.00338413  0.00077628  0.82484590  1.99246079  0.00958176  0.00958176  0.06387840  0
0.17001253  0.00338402  0.00077626  0.82582717  1.97949466  0.00957405  0.00957405  0.06390488  0
0.16903715  0.00335653  0.00076995  0.82683635  1.96656428  0.00948866  0.00948866  0.06393181  0
0.16805621  0.00332905  0.00076365  0.82785107  1.95358129  0.00940342  0.00940342  0.06395884  0
0.16708082  0.00330155  0.00075734  0.82886027  1.94069201  0.00931830  0.00931830  0.06398568  0
0.16609980  0.00330145  0.00075732  0.82984141  1.92780861  0.00931083  0.00931083  0.06401199  0
0.16512442  0.00327395  0.00075101  0.83085060  1.91496031  0.00922592  0.00922592  0.06403875  0
0.16414904  0.00324645  0.00074470  0.83185979  1.90213238  0.00914114  0.00914114  0.06406546  0
0.16316813  0.00324636  0.00074468  0.83284082  1.88931051  0.00913383  0.00913383  0.06409165  0
0.16219276  0.00321886  0.00073837  0.83384999  1.87652328  0.00904926  0.00904926  0.06411828  0
0.16121178  0.00319138  0.00073207  0.83486475  1.86368330  0.00896484  0.00896484  0.06414501  0
0.16023097  0.00319128  0.00073205  0.83584568  1.85092255  0.00895769  0.00895769  0.06417108  0
0.15925561  0.00316379  0.00072574  0.83685485  1.83819597  0.00887346  0.00887346  0.06419758  0
0.15828024  0.00313629  0.00071943  0.83786403  1.82548946  0.00878936  0.00878936  0.06422404  0
0.15730486  0.00310879  0.00071312  0.83887321  1.81280299  0.00870539  0.00870539  0.06425046  0
0.15632418  0.00310870  0.00071310  0.83985400  1.80012299  0.00869847  0.00869847  0.06427636  0
0.15534317  0.00308122  0.00070680  0.84086879  1.78740374  0.00861473  0.00861473  0.06430284  0
0.15436780  0.00305372  0.00070049  0.84187797  1.77477720  0.00853110  0.00853110  0.06432914  0
0.15338723  0.00305363  0.00070047  0.84285866  1.76215731  0.00852433  0.00852433  0.06435491  0
0.15241187  0.00302613  0.00069416  0.84386782  1.74957052  0.00844091  0.00844091  0.06438112  0
0.15143650  0.00299863  0.00068785  0.84487700  1.73700347  0.00835761  0.00835761  0.06440729  0
0.15046113  0.00297113  0.00068155  0.84588618  1.72445612  0.00827444  0.00827444  0.06443342  0
0.14948069  0.00297104  0.00068152  0.84686672  1.71191565  0.00826790  0.00826790  0.06445903  0
0.14849964  0.00294357  0.00067522  0.84788155  1.69933507  0.00818495  0.00818495  0.06448523  0
0.14752427  0.00291607  0.00066891  0.84889073  1.68684668  0.00810212  0.00810212  0.06451124  0
0.14654393  0.00291598  0.00066889  0.84987117  1.67436534  0.00809573  0.00809573  0.06453672  0
0.14556858  0.00288848  0.00066259  0.85088033  1.66191604  0.00801309  0.00801309  0.06456265  0
0.14459322  0.00286098  0.00065628  0.85188950  1.64948616  0.00793058  0.00793058  0.06458854  0
0.14361299  0.00286090  0.00065626  0.85286983  1.63706350  0.00792434  0.00792434  0.06461391  0
0.14263192  0.00283342  0.00064996  0.85388469  1.62460001  0.00784205  0.00784205  0.06463986  0
0.14165656  0.00280592  0.00064365  0.85489385  1.61222827  0.00775987  0.00775987  0.06466563  0
0.14068119  0.00277842  0.00063734  0.85590302  1.59987577  0.00767782  0.00767782  0.06469135  0
0.13970109  0.00277834  0.00063732  0.85688323  1.58753071  0.00767179  0.00767179  0.06471656  0
0.13872574  0.00275084  0.00063101  0.85789238  1.57521666  0.00758994  0.00758994  0.06474220  0
0.13775039  0.00272335  0.00062471  0.85890154  1.56292172  0.00750821  0.00750821  0.06476781  0
0.13677040  0.00272327  0.00062469  0.85988163  1.55063439  0.00750233  0.00750233  0.06479290  0
0.13578928  0.00269579  0.00061838  0.86089653  1.53830540  0.00742081  0.00742081  0.06481857  0
0.13481393  0.00266829  0.00061208  0.86190569  1.52606765  0.00733941  0.00733941  0.06484406  0
0.13383857  0.00264079  0.00060577  0.86291486  1.51384883  0.00725812  0.00725812  0.06486951  0
0.13285870  0.00264071  0.00060575  0.86389481  1.50163784  0.00725246  0.00725246  0.06489444  0
0.13188336  0.00261322  0.00059944  0.86490396  1.48945685  0.00717137  0.00717137  0.06491981  0
0.13090801  0.00258572  0.00059314  0.86591312  1.47729467  0.00709041  0.00709041  0.06494514  0
0.12992244  0.00258566  0.00059312  0.86689876  1.46506841  0.00708490  0.00708490  0.06497010  0
0.12894710  0.00255816  0.00058681  0.86790791  1.45294381  0.00700413  0.00700413  0.06499536  0
0.12797175  0.00253066  0.00058051  0.86891706  1.44083789  0.00692348  0.00692348  0.06502057  0
0.12699210  0.00253059  0.00058049  0.86989680  1.42874012  0.00691811  0.00691811  0.06504527  0
0.12601677  0.00250309  0.00057418  0.87090594  1.41667150  0.00683765  0.00683765  0.06507041  0
0.12504143  0.00247560  0.00056787  0.87191508  1.40462143  0.00675731  0.00675731  0.06509550  0
0.12406608  0.00244810  0.00056157  0.87292423  1.39258985  0.00667710  0.00667710  0.06512056  0
0.12308070  0.00244804  0.00056155  0.87390968  1.38049478  0.00667195  0.00667195  0.06514526  0
0.12210537  0.00242055  0.00055525  0.87491882  1.36850019  0.00659193  0.00659193  0.06517024  0
0.12113002  0.00239305  0.00054894  0.87592797  1.35652398  0.00651203  0.00651203  0.06519518  0
0.12015061  0.00239298  0.00054892  0.87690747  1.34455629  0.00650700  0.00650700  0.06521961  0
0.11917528  0.00236548  0.00054261  0.87791660  1.33261678  0.00642729  0.00642729  0.06524448  0
0.11819995  0.00233799  0.00053631  0.87892574  1.32069552  0.00634770  0.00634770  0.06526931  0
0.11721474  0.00233793  0.00053630  0.87991101  1.30871125  0.00634282  0.00634282  0.06529378  0
0.11623942  0.00231044  0.00052999  0.88092014  1.29682647  0.00626342  0.00626342  0.06531853  0
0.11526409  0.00228294  0.00052368  0.88192927  1.28495981  0.00618413  0.00618413  0.06534325  0
0.11428875  0.00225544  0.00051737  0.88293842  1.27311123  0.00610497  0.00610497  0.06536793  0
0.11330957  0.00225538  0.00051736  0.88391768  1.26127154  0.00610028  0.00610028  0.06539210  0
0.11233425  0.00222788  0.00051105  0.88492680  1.24945908  0.00602131  0.00602131  0.06541670  0
0.11135892  0.00220038  0.00050474  0.88593594  1.23766458  0.00594245  0.00594245  0.06544127  0
0.11037390  0.00220033  0.00050473  0.88692101  1.22580762  0.00593791  0.00593791  0.06546547  0
0.10939858  0.00217284  0.00049842  0.88793013  1.21404903  0.00585923  0.00585923  0.06548996  0
0.10842326  0.00214534  0.00049212  0.88893926  1.20230826  0.00578068  0.00578068  0.06551442  0
0.10744792  0.00211785  0.00048581  0.88994840  1.19058528  0.00570224  0.00570224  0.06553884  0
0.10646898  0.00211778  0.00048580  0.89092742  1.17887155  0.00569789  0.00569789  0.06556275  0
0.10549367  0.00209029  0.00047949  0.89193654  1.16718413  0.00561963  0.00561963  0.06558709  0
0.10451236  0.00206281  0.00047318  0.89295163  1.15544304  0.00554151  0.00554151  0.06561155  0
0.10353352  0.00206274  0.00047317  0.89393055  1.14378271  0.00553729  0.00553729  0.06563534  0
0.10255820  0.00203525  0.00046686  0.89493967  1.13214829  0.00545933  0.00545933  0.06565958  0
0.10158288  0.00200775  0.00046056  0.89594879  1.12053142  0.00538149  0.00538149  0.06568378  0
0.10060415  0.00200769  0.00046054  0.89692759  1.10892410  0.00537740  0.00537740  0.06570747  0
0.09962885  0.00198020  0.00045423  0.89793670  1.09734230  0.00529974  0.00529974  0.06573159  0
0.09865354  0.00195270  0.00044793  0.89894581  1.08577793  0.00522220  0.00522220  0.06575568  0
0.09767219  0.00192522  0.00044162  0.89996095  1.07415982  0.00514479  0.00514479  0.06577988  0
0.09669358  0.00192516  0.00044161  0.90093962  1.06262261  0.00514089  0.00514089  0.06580343  0
0.09571827  0.00189767  0.00043530  0.90194873  1.05111041  0.00506364  0.00506364  0.06582741  0
0.09474296  0.00187017  0.00042900  0.90295785  1.03961549  0.00498651  0.00498651  0.06585135  0
0.09376446  0.00187012  0.00042898  0.90393642  1.02813045  0.00498274  0.00498274  0.06587479  0
0.09278917  0.00184262  0.00042268  0.90494552  1.01667005  0.00490579  0.00490579  0.06589867  0
0.09180779  0.00181514  0.00041637  0.90596068  1.00515584  0.00482896  0.00482896  0.06592265  0
0.09083247  0.00178765  0.00041006  0.90696980  0.99372974  0.00475223  0.00475223  0.06594645  0
0.08985410  0.00178759  0.00041005  0.90794823  0.98231372  0.00474865  0.00474865  0.06596975  0
0.08887880  0.00176010  0.00040375  0.90895734  0.97092182  0.00467210  0.00467210  0.06599348  0
0.08799196  0.00173435  0.00039784  0.90987583  0.96057734  0.00460060  0.00460060  0.06601504  0
0.08701272  0.00173430  0.00039783  0.91085514  0.94919970  0.00459713  0.00459713  0.06603826  0
0.08603644  0.00170677  0.00039151  0.91186525  0.93784588  0.00452079  0.00452079  0.06606191  0
0.08505404  0.00167926  0.00038520  0.91288148  0.92643813  0.00444457  0.00444457  0.06608567  0
0.08407489  0.00167921  0.00038519  0.91386068  0.91511165  0.00444122  0.00444122  0.06610879  0
0.08309862  0.00165169  0.00037888  0.91487079  0.90380860  0.00436517  0.00436517  0.06613233  0
0.08212234  0.00162417  0.00037256  0.91588090  0.89252237  0.00428922  0.00428922  0.06615584  0
0.08114605  0.00159665  0.00036625  0.91689103  0.88125291  0.00421339  0.00421339  0.06617932  0
0.08016705  0.00159660  0.00036624  0.91787009  0.86999403  0.00421023  0.00421023  0.06620229  0
0.07918462  0.00156909  0.00035993  0.91888635  0.85868743  0.00413458  0.00413458  0.06622585  0
0.07820833  0.00154157  0.00035362  0.91989647  0.84746818  0.00405903  0.00405903  0.06624922  0
0.07722942  0.00154152  0.00035361  0.92087543  0.83625966  0.00405599  0.00405599  0.06627209  0
0.07625316  0.00151400  0.00034729  0.92188553  0.82507372  0.00398061  0.00398061  0.06629539  0
0.07527688  0.00148648  0.00034098  0.92289564  0.81390433  0.00390535  0.00390535  0.06631866  0
0.07429809  0.00148643  0.00034097  0.92387449  0.80274580  0.00390243  0.00390243  0.06634143  0
0.07332183  0.00145891  0.00033466  0.92488458  0.79160949  0.00382734  0.00382734  0.06636463  0
0.07233936  0.00143140  0.00032835  0.92590088  0.78041915  0.00375236  0.00375236  0.06638794  0
0.07136308  0.00140388  0.00032203  0.92691099  0.76931572  0.00367748  0.00367748  0.06641107  0
0.07038441  0.00140384  0.00032202  0.92788971  0.75822333  0.00367474  0.00367474  0.06643370  0
0.06940815  0.00137632  0.00031571  0.92889981  0.74715268  0.00360004  0.00360004  0.06645677  0
0.06843188  0.00134880  0.00030940  0.92990991  0.73609833  0.00352544  0.00352544  0.06647980  0
0.06745331  0.00134876  0.00030939  0.93088852  0.72505516  0.00352282  0.00352282  0.06650233  0
0.06647082  0.00132124  0.00030308  0.93190484  0.71396307  0.00344840  0.00344840  0.06652543  0
0.06549455  0.00129372  0.00029676  0.93291494  0.70295751  0.00337408  0.00337408  0.06654836  0
0.06451828  0.00126620  0.00029045  0.93392505  0.69196810  0.00329986  0.00329986  0.06657126  0
0.06353984  0.00126616  0.00029044  0.93490353  0.68099005  0.00329742  0.00329742  0.06659365  0
0.06256359  0.00123864  0.00028413  0.93591362  0.67003293  0.00322337  0.00322337  0.06661648  0
0.06158732  0.00121112  0.00027782  0.93692372  0.65909185  0.00314943  0.00314943  0.06663928  0
0.06060900  0.00121109  0.00027781  0.93790209  0.64816226  0.00314711  0.00314711  0.06666157  0
0.05962646  0.00118358  0.00027150  0.93891845  0.63718314  0.00307334  0.00307334  0.06668445  0
0.05865020  0.00115605  0.00026518  0.93992854  0.62629010  0.00299967  0.00299967  0.06670714  0
0.05767198  0.00115602  0.00026518  0.94090681  0.61540869  0.00299746  0.00299746  0.06672934  0
0.05669573  0.00112850  0.00025886  0.94191689  0.60454751  0.00292396  0.00292396  0.06675197  0
0.05571948  0.00110098  0.00025255  0.94292697  0.59370217  0.00285056  0.00285056  0.06677456  0
0.05474322  0.00107346  0.00024624  0.94393706  0.58287263  0.00277727  0.00277727  0.06679713  0
0.05375880  0.00107344  0.00024623  0.94492151  0.57198494  0.00277524  0.00277524  0.06681934  0
0.05278255  0.00104592  0.00023992  0.94593159  0.56118701  0.00270211  0.00270211  0.06684183  0
0.05180630  0.00101840  0.00023361  0.94694168  0.55040478  0.00262909  0.00262909  0.06686430  0
0.05082831  0.00101836  0.00023360  0.94791971  0.53963447  0.00262716  0.00262716  0.06688627  0
0.04985207  0.00099085  0.00022729  0.94892978  0.52888362  0.00255430  0.00255430  0.06690867  0
0.04887582  0.00096333  0.00022097  0.94993986  0.51814835  0.00248155  0.00248155  0.06693104  0
0.04789795  0.00096330  0.00022097  0.95091777  0.50742515  0.00247973  0.00247973  0.06695291  0
0.04691534  0.00093578  0.00021466  0.95193420  0.49665131  0.00240714  0.00240714  0.06697535  0
0.04593910  0.00090826  0.00020834  0.95294427  0.48596274  0.00233465  0.00233465  0.06699762  0
0.04496285  0.00088074  0.00020203  0.95395436  0.47528963  0.00226227  0.00226227  0.06701986  0
0.04398510  0.00088072  0.00020202  0.95493214  0.46462874  0.00226062  0.00226062  0.06704161  0
0.04300886  0.00085320  0.00019571  0.95594221  0.45398653  0.00218839  0.00218839  0.06706378  0
0.04203262  0.00082568  0.00018940  0.95695228  0.44335968  0.00211627  0.00211627  0.06708592  0
0.04104857  0.00082566  0.00018939  0.95793636  0.43267561  0.00211473  0.00211473  0.06710771  0
0.04007234  0.00079814  0.00018308  0.95894642  0.42207948  0.00204277  0.00204277  0.06712979  0
0.03909610  0.00077062  0.00017677  0.95995649  0.41149862  0.00197091  0.00197091  0.06715184  0
0.03811985  0.00074310  0.00017046  0.96096657  0.40093298  0.00189915  0.00189915  0.06717386  0
0.03714234  0.00074308  0.00017045  0.96194411  0.39037987  0.00189777  0.00189777  0.06719538  0
0.03616611  0.00071556  0.00016414  0.96295417  0.37984467  0.00182617  0.00182617  0.06721733  0
0.03518987  0.00068804  0.00015783  0.96396424  0.36932459  0.00175467  0.00175467  0.06723925  0
0.03420601  0.00068803  0.00015782  0.96494812  0.35874778  0.00175341  0.00175341  0.06726082  0
0.03322978  0.00066051  0.00015151  0.96595818  0.34825797  0.00168206  0.00168206  0.06728268  0
0.03225355  0.00063299  0.00014520  0.96696824  0.33778319  0.00161082  0.00161082  0.06730451  0
0.03127625  0.00063297  0.00014519  0.96794557  0.32732118  0.00160966  0.00160966  0.06732584  0
0.03030003  0.00060545  0.00013888  0.96895562  0.31687645  0.00153857  0.00153857  0.06734761  0
0.02932381  0.00057793  0.00013257  0.96996567  0.30644665  0.00146758  0.00146758  0.06736934  0
0.02834108  0.00055042  0.00012626  0.97098223  0.29596253  0.00139670  0.00139670  0.06739118  0
0.02736390  0.00055040  0.00012625  0.97195942  0.28556059  0.00139570  0.00139570  0.06741239  0
0.02638768  0.00052288  0.00011994  0.97296947  0.27517551  0.00132497  0.00132497  0.06743403  0
0.02541145  0.00049537  0.00011363  0.97397954  0.26480523  0.00125434  0.00125434  0.06745564  0
0.02443439  0.00049535  0.00011362  0.97495662  0.25444800  0.00125343  0.00125343  0.06747676  0
0.02345818  0.00046783  0.00010731  0.97596666  0.24410731  0.00118296  0.00118296  0.06749831  0
0.02248196  0.00044031  0.00010100  0.97697671  0.23378134  0.00111258  0.00111258  0.06751983  0
0.02149918  0.00041280  0.00009469  0.97799331  0.22340102  0.00104230  0.00104230  0.06754146  0
0.02052225  0.00041279  0.00009469  0.97897026  0.21310297  0.00104155  0.00104155  0.06756246  0
0.01954603  0.00038527  0.00008837  0.97998031  0.20282104  0.00097143  0.00097143  0.06758388  0
0.01856981  0.00035775  0.00008206  0.98099036  0.19255371  0.00090140  0.00090140  0.06760528  0
0.01759298  0.00035774  0.00008206  0.98196720  0.18229969  0.00090075  0.00090075  0.06762619  0
0.01661677  0.00033022  0.00007575  0.98297724  0.17206151  0.00083088  0.00083088  0.06764752  0
0.01563397  0.00030271  0.00006943  0.98399387  0.16176897  0.00076110  0.00076110  0.06766897  0
0.01465725  0.00030270  0.00006943  0.98497060  0.15155875  0.00076055  0.00076055  0.06768978  0
0.01368104  0.00027518  0.00006312  0.98598064  0.14136405  0.00069092  0.00069092  0.06771103  0
0.01270483  0.00024766  0.00005681  0.98699068  0.13118376  0.00062139  0.00062139  0.06773224  0
0.01172861  0.00022015  0.00005050  0.98800073  0.12101784  0.00055196  0.00055196  0.06775343  0
0.01075202  0.00022014  0.00005049  0.98897733  0.11086551  0.00055156  0.00055156  0.06777413  0
0.00977582  0.00019262  0.00004418  0.98998736  0.10072832  0.00048228  0.00048228  0.06779525  0
0.00879298  0.00016511  0.00003787  0.99100402  0.09053674  0.00041309  0.00041309  0.06781649  0
0.00781649  0.00016510  0.00003787  0.99198052  0.08042756  0.00041280  0.00041280  0.06783710  0
0.00684029  0.00013758  0.00003156  0.99299055  0.07033320  0.00034375  0.00034375  0.06785814  0
0.00586409  0.00011007  0.00002524  0.99400058  0.06025304  0.00027481  0.00027481  0.06787914  0
0.00488771  0.00011006  0.00002524  0.99497697  0.05018671  0.00027461  0.00027461  0.06789967  0
0.00391152  0.00008255  0.00001893  0.99598699  0.04013491  0.00020582  0.00020582  0.06792061  0
0.00292865  0.00005503  0.00001262  0.99700368  0.03002871  0.00013711  0.00013711  0.06794167  0
0.00195244  0.00002751  0.00000631  0.99801372  0.02000511  0.00006851  0.00006851  0.06796256  0
0.00097619  0.00002751  0.00000631  0.99898997  0.00999548  0.00006846  0.00006846  0.06798297  0
